Date,Code,Open,High,Low,Close,Volume,Value,Trans,Adj,Exchange,DataSource
17-Mar-1997,USDEUR,0.8655,0.8658,0.8629,0.8644,0,0,0,1,FX,NFX
18-Mar-1997,USDEUR,0.8644,0.8652,0.8563,0.8563,0,0,0,1,FX,NFX
19-Mar-1997,USDEUR,0.8563,0.8609,0.8563,0.8593,0,0,0,1,FX,NFX
20-Mar-1997,USDEUR,0.8593,0.8653,0.8556,0.865,0,0,0,1,FX,NFX
21-Mar-1997,USDEUR,0.865,0.8655,0.8601,0.8612,0,0,0,1,FX,NFX
24-Mar-1997,USDEUR,0.8625,0.8646,0.8623,0.8623,0,0,0,1,FX,NFX
25-Mar-1997,USDEUR,0.8623,0.865,0.8614,0.8632,0,0,0,1,FX,NFX
26-Mar-1997,USDEUR,0.8632,0.8654,0.8614,0.8614,0,0,0,1,FX,NFX
27-Mar-1997,USDEUR,0.8614,0.8621,0.8545,0.8545,0,0,0,1,FX,NFX
28-Mar-1997,USDEUR,0.8549,0.8578,0.8549,0.8565,0,0,0,1,FX,NFX
31-Mar-1997,USDEUR,0.8568,0.8578,0.8505,0.8553,0,0,0,1,FX,NFX
01-Apr-1997,USDEUR,0.8553,0.8555,0.8503,0.8507,0,0,0,1,FX,NFX
02-Apr-1997,USDEUR,0.8507,0.8553,0.8507,0.8546,0,0,0,1,FX,NFX
03-Apr-1997,USDEUR,0.8546,0.8558,0.8507,0.8517,0,0,0,1,FX,NFX
04-Apr-1997,USDEUR,0.8517,0.8593,0.8516,0.8589,0,0,0,1,FX,NFX
07-Apr-1997,USDEUR,0.8599,0.8725,0.8599,0.8722,0,0,0,1,FX,NFX
08-Apr-1997,USDEUR,0.8722,0.8744,0.8722,0.8735,0,0,0,1,FX,NFX
09-Apr-1997,USDEUR,0.8735,0.8795,0.873,0.879,0,0,0,1,FX,NFX
10-Apr-1997,USDEUR,0.8789,0.8795,0.8735,0.8752,0,0,0,1,FX,NFX
11-Apr-1997,USDEUR,0.8752,0.8786,0.8752,0.8763,0,0,0,1,FX,NFX
14-Apr-1997,USDEUR,0.8758,0.8811,0.8757,0.8806,0,0,0,1,FX,NFX
15-Apr-1997,USDEUR,0.8806,0.8837,0.8789,0.8789,0,0,0,1,FX,NFX
16-Apr-1997,USDEUR,0.879,0.8805,0.8786,0.88,0,0,0,1,FX,NFX
17-Apr-1997,USDEUR,0.88,0.8803,0.8777,0.8786,0,0,0,1,FX,NFX
18-Apr-1997,USDEUR,0.8786,0.8787,0.8724,0.8724,0,0,0,1,FX,NFX
21-Apr-1997,USDEUR,0.872,0.8726,0.867,0.8674,0,0,0,1,FX,NFX
22-Apr-1997,USDEUR,0.8674,0.8766,0.8674,0.876,0,0,0,1,FX,NFX
23-Apr-1997,USDEUR,0.876,0.876,0.8737,0.8741,0,0,0,1,FX,NFX
24-Apr-1997,USDEUR,0.8741,0.8773,0.8741,0.8754,0,0,0,1,FX,NFX
25-Apr-1997,USDEUR,0.8754,0.8817,0.8754,0.8814,0,0,0,1,FX,NFX
28-Apr-1997,USDEUR,0.8848,0.8848,0.8809,0.8832,0,0,0,1,FX,NFX
29-Apr-1997,USDEUR,0.8832,0.8836,0.8793,0.8793,0,0,0,1,FX,NFX
30-Apr-1997,USDEUR,0.8794,0.8845,0.879,0.8824,0,0,0,1,FX,NFX
01-May-1997,USDEUR,0.8824,0.8839,0.8772,0.8787,0,0,0,1,FX,NFX
02-May-1997,USDEUR,0.8787,0.8823,0.8787,0.8822,0,0,0,1,FX,NFX
05-May-1997,USDEUR,0.882,0.8841,0.8816,0.8838,0,0,0,1,FX,NFX
06-May-1997,USDEUR,0.8838,0.8844,0.879,0.8792,0,0,0,1,FX,NFX
07-May-1997,USDEUR,0.8792,0.8804,0.877,0.8777,0,0,0,1,FX,NFX
08-May-1997,USDEUR,0.8777,0.8786,0.871,0.8713,0,0,0,1,FX,NFX
09-May-1997,USDEUR,0.8713,0.8714,0.8612,0.8612,0,0,0,1,FX,NFX
12-May-1997,USDEUR,0.8598,0.8718,0.8596,0.8715,0,0,0,1,FX,NFX
13-May-1997,USDEUR,0.8715,0.8716,0.8633,0.8633,0,0,0,1,FX,NFX
14-May-1997,USDEUR,0.8633,0.8705,0.8632,0.8632,0,0,0,1,FX,NFX
15-May-1997,USDEUR,0.8633,0.867,0.8607,0.8647,0,0,0,1,FX,NFX
16-May-1997,USDEUR,0.8648,0.8682,0.8622,0.8628,0,0,0,1,FX,NFX
19-May-1997,USDEUR,0.8626,0.8715,0.8617,0.8707,0,0,0,1,FX,NFX
20-May-1997,USDEUR,0.8707,0.8708,0.8551,0.8551,0,0,0,1,FX,NFX
21-May-1997,USDEUR,0.8551,0.8645,0.8551,0.8624,0,0,0,1,FX,NFX
22-May-1997,USDEUR,0.8624,0.8664,0.8614,0.8638,0,0,0,1,FX,NFX
23-May-1997,USDEUR,0.8638,0.8642,0.8622,0.8635,0,0,0,1,FX,NFX
26-May-1997,USDEUR,0.8599,0.8625,0.8583,0.8606,0,0,0,1,FX,NFX
27-May-1997,USDEUR,0.8606,0.8706,0.8606,0.8697,0,0,0,1,FX,NFX
28-May-1997,USDEUR,0.8697,0.8706,0.865,0.8661,0,0,0,1,FX,NFX
29-May-1997,USDEUR,0.8661,0.8716,0.8661,0.867,0,0,0,1,FX,NFX
30-May-1997,USDEUR,0.867,0.8729,0.867,0.8713,0,0,0,1,FX,NFX
02-Jun-1997,USDEUR,0.8738,0.8831,0.8738,0.8811,0,0,0,1,FX,NFX
03-Jun-1997,USDEUR,0.8811,0.883,0.8793,0.8804,0,0,0,1,FX,NFX
04-Jun-1997,USDEUR,0.8804,0.8839,0.8804,0.8808,0,0,0,1,FX,NFX
05-Jun-1997,USDEUR,0.8808,0.8824,0.8803,0.8811,0,0,0,1,FX,NFX
06-Jun-1997,USDEUR,0.8811,0.8879,0.8799,0.8799,0,0,0,1,FX,NFX
09-Jun-1997,USDEUR,0.879,0.8797,0.8708,0.8712,0,0,0,1,FX,NFX
10-Jun-1997,USDEUR,0.8713,0.8784,0.8713,0.8769,0,0,0,1,FX,NFX
11-Jun-1997,USDEUR,0.877,0.877,0.8732,0.8758,0,0,0,1,FX,NFX
12-Jun-1997,USDEUR,0.876,0.8819,0.876,0.8812,0,0,0,1,FX,NFX
13-Jun-1997,USDEUR,0.8812,0.8866,0.8811,0.8858,0,0,0,1,FX,NFX
16-Jun-1997,USDEUR,0.8852,0.8862,0.8814,0.882,0,0,0,1,FX,NFX
17-Jun-1997,USDEUR,0.882,0.8846,0.8817,0.8817,0,0,0,1,FX,NFX
18-Jun-1997,USDEUR,0.8817,0.8834,0.8788,0.8831,0,0,0,1,FX,NFX
19-Jun-1997,USDEUR,0.8831,0.8841,0.8782,0.8786,0,0,0,1,FX,NFX
20-Jun-1997,USDEUR,0.8786,0.8824,0.8784,0.88,0,0,0,1,FX,NFX
23-Jun-1997,USDEUR,0.8808,0.8814,0.8747,0.8747,0,0,0,1,FX,NFX
24-Jun-1997,USDEUR,0.8747,0.8797,0.8747,0.878,0,0,0,1,FX,NFX
25-Jun-1997,USDEUR,0.878,0.8787,0.8764,0.878,0,0,0,1,FX,NFX
26-Jun-1997,USDEUR,0.878,0.8806,0.878,0.8789,0,0,0,1,FX,NFX
27-Jun-1997,USDEUR,0.879,0.8858,0.879,0.8855,0,0,0,1,FX,NFX
30-Jun-1997,USDEUR,0.8856,0.8889,0.8851,0.8877,0,0,0,1,FX,NFX
01-Jul-1997,USDEUR,0.8877,0.8894,0.8862,0.8889,0,0,0,1,FX,NFX
02-Jul-1997,USDEUR,0.8889,0.8929,0.8879,0.8922,0,0,0,1,FX,NFX
03-Jul-1997,USDEUR,0.8922,0.8933,0.8897,0.8911,0,0,0,1,FX,NFX
04-Jul-1997,USDEUR,0.8911,0.8943,0.8899,0.8922,0,0,0,1,FX,NFX
07-Jul-1997,USDEUR,0.8922,0.8925,0.8878,0.8918,0,0,0,1,FX,NFX
08-Jul-1997,USDEUR,0.8918,0.8976,0.8918,0.8961,0,0,0,1,FX,NFX
09-Jul-1997,USDEUR,0.8962,0.8982,0.8955,0.8961,0,0,0,1,FX,NFX
10-Jul-1997,USDEUR,0.8961,0.8989,0.8907,0.8917,0,0,0,1,FX,NFX
11-Jul-1997,USDEUR,0.8916,0.9032,0.8916,0.9032,0,0,0,1,FX,NFX
14-Jul-1997,USDEUR,0.9043,0.9144,0.9043,0.9128,0,0,0,1,FX,NFX
15-Jul-1997,USDEUR,0.9128,0.9169,0.9088,0.9122,0,0,0,1,FX,NFX
16-Jul-1997,USDEUR,0.9122,0.9154,0.91,0.9116,0,0,0,1,FX,NFX
17-Jul-1997,USDEUR,0.9116,0.9156,0.9107,0.9112,0,0,0,1,FX,NFX
18-Jul-1997,USDEUR,0.9113,0.9156,0.9101,0.9117,0,0,0,1,FX,NFX
21-Jul-1997,USDEUR,0.911,0.9145,0.9109,0.9138,0,0,0,1,FX,NFX
22-Jul-1997,USDEUR,0.9138,0.9276,0.9138,0.927,0,0,0,1,FX,NFX
23-Jul-1997,USDEUR,0.9271,0.9311,0.925,0.9279,0,0,0,1,FX,NFX
24-Jul-1997,USDEUR,0.9279,0.935,0.9279,0.9329,0,0,0,1,FX,NFX
25-Jul-1997,USDEUR,0.9329,0.9356,0.9328,0.9351,0,0,0,1,FX,NFX
28-Jul-1997,USDEUR,0.9351,0.9405,0.9351,0.9373,0,0,0,1,FX,NFX
29-Jul-1997,USDEUR,0.9373,0.9376,0.9313,0.9348,0,0,0,1,FX,NFX
30-Jul-1997,USDEUR,0.9346,0.9389,0.9336,0.934,0,0,0,1,FX,NFX
31-Jul-1997,USDEUR,0.9341,0.9379,0.9322,0.9359,0,0,0,1,FX,NFX
01-Aug-1997,USDEUR,0.936,0.9495,0.936,0.9478,0,0,0,1,FX,NFX
04-Aug-1997,USDEUR,0.9485,0.9537,0.9485,0.9502,0,0,0,1,FX,NFX
05-Aug-1997,USDEUR,0.9502,0.9589,0.9485,0.9573,0,0,0,1,FX,NFX
06-Aug-1997,USDEUR,0.9573,0.9628,0.9558,0.9579,0,0,0,1,FX,NFX
07-Aug-1997,USDEUR,0.9579,0.9615,0.9517,0.9517,0,0,0,1,FX,NFX
08-Aug-1997,USDEUR,0.9517,0.955,0.9383,0.9395,0,0,0,1,FX,NFX
11-Aug-1997,USDEUR,0.9407,0.9488,0.9405,0.9484,0,0,0,1,FX,NFX
12-Aug-1997,USDEUR,0.9485,0.9515,0.9457,0.9488,0,0,0,1,FX,NFX
13-Aug-1997,USDEUR,0.9489,0.9499,0.9335,0.9349,0,0,0,1,FX,NFX
14-Aug-1997,USDEUR,0.9349,0.9405,0.9337,0.9372,0,0,0,1,FX,NFX
15-Aug-1997,USDEUR,0.9372,0.94,0.9269,0.9285,0,0,0,1,FX,NFX
18-Aug-1997,USDEUR,0.9257,0.9337,0.9218,0.9335,0,0,0,1,FX,NFX
19-Aug-1997,USDEUR,0.9335,0.938,0.9334,0.9358,0,0,0,1,FX,NFX
20-Aug-1997,USDEUR,0.9358,0.9451,0.9358,0.9442,0,0,0,1,FX,NFX
21-Aug-1997,USDEUR,0.9442,0.9456,0.9346,0.9346,0,0,0,1,FX,NFX
22-Aug-1997,USDEUR,0.9346,0.9356,0.9214,0.9247,0,0,0,1,FX,NFX
25-Aug-1997,USDEUR,0.925,0.929,0.9249,0.926,0,0,0,1,FX,NFX
26-Aug-1997,USDEUR,0.926,0.9289,0.9138,0.9152,0,0,0,1,FX,NFX
27-Aug-1997,USDEUR,0.9153,0.923,0.9149,0.9201,0,0,0,1,FX,NFX
28-Aug-1997,USDEUR,0.9201,0.9262,0.9118,0.9129,0,0,0,1,FX,NFX
29-Aug-1997,USDEUR,0.9129,0.9229,0.9129,0.921,0,0,0,1,FX,NFX
01-Sep-1997,USDEUR,0.9213,0.9248,0.9199,0.9226,0,0,0,1,FX,NFX
02-Sep-1997,USDEUR,0.9227,0.9335,0.9227,0.933,0,0,0,1,FX,NFX
03-Sep-1997,USDEUR,0.933,0.9356,0.924,0.9255,0,0,0,1,FX,NFX
04-Sep-1997,USDEUR,0.9256,0.9285,0.9226,0.9244,0,0,0,1,FX,NFX
05-Sep-1997,USDEUR,0.9244,0.9251,0.9152,0.917,0,0,0,1,FX,NFX
08-Sep-1997,USDEUR,0.917,0.9212,0.9144,0.9199,0,0,0,1,FX,NFX
09-Sep-1997,USDEUR,0.9199,0.9236,0.9183,0.9222,0,0,0,1,FX,NFX
10-Sep-1997,USDEUR,0.922,0.9237,0.9143,0.9152,0,0,0,1,FX,NFX
11-Sep-1997,USDEUR,0.9152,0.9157,0.9058,0.9058,0,0,0,1,FX,NFX
12-Sep-1997,USDEUR,0.906,0.9103,0.9018,0.9019,0,0,0,1,FX,NFX
15-Sep-1997,USDEUR,0.9036,0.9051,0.8947,0.8961,0,0,0,1,FX,NFX
16-Sep-1997,USDEUR,0.8963,0.9031,0.8963,0.8997,0,0,0,1,FX,NFX
17-Sep-1997,USDEUR,0.8997,0.9029,0.8997,0.9013,0,0,0,1,FX,NFX
18-Sep-1997,USDEUR,0.9013,0.9067,0.8979,0.9056,0,0,0,1,FX,NFX
19-Sep-1997,USDEUR,0.9056,0.907,0.9008,0.9032,0,0,0,1,FX,NFX
22-Sep-1997,USDEUR,0.9022,0.9141,0.9022,0.9109,0,0,0,1,FX,NFX
23-Sep-1997,USDEUR,0.9109,0.9163,0.9096,0.9123,0,0,0,1,FX,NFX
24-Sep-1997,USDEUR,0.9123,0.9133,0.9017,0.9017,0,0,0,1,FX,NFX
25-Sep-1997,USDEUR,0.9017,0.9044,0.8965,0.8965,0,0,0,1,FX,NFX
26-Sep-1997,USDEUR,0.8964,0.8986,0.8913,0.8953,0,0,0,1,FX,NFX
29-Sep-1997,USDEUR,0.8972,0.8981,0.8934,0.8975,0,0,0,1,FX,NFX
30-Sep-1997,USDEUR,0.8974,0.9025,0.8965,0.8965,0,0,0,1,FX,NFX
01-Oct-1997,USDEUR,0.8965,0.9047,0.8951,0.9046,0,0,0,1,FX,NFX
02-Oct-1997,USDEUR,0.9046,0.9058,0.9007,0.9032,0,0,0,1,FX,NFX
03-Oct-1997,USDEUR,0.9032,0.9062,0.8948,0.8948,0,0,0,1,FX,NFX
06-Oct-1997,USDEUR,0.8944,0.8991,0.8944,0.8957,0,0,0,1,FX,NFX
07-Oct-1997,USDEUR,0.8957,0.8966,0.8909,0.8954,0,0,0,1,FX,NFX
08-Oct-1997,USDEUR,0.8954,0.8974,0.8907,0.8907,0,0,0,1,FX,NFX
09-Oct-1997,USDEUR,0.8907,0.8938,0.8855,0.8892,0,0,0,1,FX,NFX
10-Oct-1997,USDEUR,0.8892,0.8936,0.8878,0.8915,0,0,0,1,FX,NFX
13-Oct-1997,USDEUR,0.8922,0.8961,0.892,0.892,0,0,0,1,FX,NFX
14-Oct-1997,USDEUR,0.892,0.8945,0.8905,0.8914,0,0,0,1,FX,NFX
15-Oct-1997,USDEUR,0.8914,0.8931,0.8888,0.8888,0,0,0,1,FX,NFX
16-Oct-1997,USDEUR,0.8888,0.8904,0.8882,0.8892,0,0,0,1,FX,NFX
17-Oct-1997,USDEUR,0.8892,0.9027,0.8892,0.9019,0,0,0,1,FX,NFX
20-Oct-1997,USDEUR,0.9023,0.9039,0.9014,0.9015,0,0,0,1,FX,NFX
21-Oct-1997,USDEUR,0.9015,0.911,0.9015,0.9102,0,0,0,1,FX,NFX
22-Oct-1997,USDEUR,0.9102,0.9113,0.906,0.9083,0,0,0,1,FX,NFX
23-Oct-1997,USDEUR,0.9083,0.9104,0.8989,0.8989,0,0,0,1,FX,NFX
24-Oct-1997,USDEUR,0.8989,0.9081,0.8989,0.904,0,0,0,1,FX,NFX
27-Oct-1997,USDEUR,0.902,0.9021,0.8911,0.8911,0,0,0,1,FX,NFX
28-Oct-1997,USDEUR,0.891,0.891,0.8725,0.8871,0,0,0,1,FX,NFX
29-Oct-1997,USDEUR,0.8869,0.8881,0.8808,0.8812,0,0,0,1,FX,NFX
30-Oct-1997,USDEUR,0.8811,0.8811,0.8731,0.8752,0,0,0,1,FX,NFX
31-Oct-1997,USDEUR,0.8751,0.8814,0.8747,0.8785,0,0,0,1,FX,NFX
03-Nov-1997,USDEUR,0.8784,0.887,0.8784,0.8845,0,0,0,1,FX,NFX
04-Nov-1997,USDEUR,0.8845,0.8845,0.8761,0.877,0,0,0,1,FX,NFX
05-Nov-1997,USDEUR,0.8772,0.8815,0.8745,0.8745,0,0,0,1,FX,NFX
06-Nov-1997,USDEUR,0.8745,0.8801,0.8745,0.8768,0,0,0,1,FX,NFX
07-Nov-1997,USDEUR,0.8769,0.8783,0.8673,0.8688,0,0,0,1,FX,NFX
10-Nov-1997,USDEUR,0.8698,0.8754,0.8682,0.8682,0,0,0,1,FX,NFX
11-Nov-1997,USDEUR,0.8682,0.872,0.8659,0.8703,0,0,0,1,FX,NFX
12-Nov-1997,USDEUR,0.8703,0.8784,0.8693,0.8747,0,0,0,1,FX,NFX
13-Nov-1997,USDEUR,0.8747,0.8797,0.8747,0.878,0,0,0,1,FX,NFX
14-Nov-1997,USDEUR,0.878,0.8828,0.878,0.8795,0,0,0,1,FX,NFX
17-Nov-1997,USDEUR,0.8805,0.8855,0.88,0.8811,0,0,0,1,FX,NFX
18-Nov-1997,USDEUR,0.8811,0.8817,0.8787,0.8805,0,0,0,1,FX,NFX
19-Nov-1997,USDEUR,0.8804,0.8833,0.8801,0.8817,0,0,0,1,FX,NFX
20-Nov-1997,USDEUR,0.8817,0.8866,0.8804,0.8859,0,0,0,1,FX,NFX
21-Nov-1997,USDEUR,0.8862,0.8914,0.885,0.885,0,0,0,1,FX,NFX
24-Nov-1997,USDEUR,0.8854,0.8855,0.8816,0.8849,0,0,0,1,FX,NFX
25-Nov-1997,USDEUR,0.8849,0.8911,0.8848,0.891,0,0,0,1,FX,NFX
26-Nov-1997,USDEUR,0.8909,0.8974,0.8902,0.8962,0,0,0,1,FX,NFX
27-Nov-1997,USDEUR,0.8962,0.9002,0.8962,0.8984,0,0,0,1,FX,NFX
28-Nov-1997,USDEUR,0.8984,0.8994,0.8967,0.8981,0,0,0,1,FX,NFX
01-Dec-1997,USDEUR,0.8974,0.9058,0.8974,0.9046,0,0,0,1,FX,NFX
02-Dec-1997,USDEUR,0.9046,0.9053,0.9014,0.9048,0,0,0,1,FX,NFX
03-Dec-1997,USDEUR,0.9048,0.9051,0.9006,0.9019,0,0,0,1,FX,NFX
04-Dec-1997,USDEUR,0.9019,0.9032,0.9014,0.9017,0,0,0,1,FX,NFX
05-Dec-1997,USDEUR,0.9017,0.9086,0.9017,0.907,0,0,0,1,FX,NFX
08-Dec-1997,USDEUR,0.9075,0.9114,0.9075,0.9104,0,0,0,1,FX,NFX
09-Dec-1997,USDEUR,0.9104,0.9135,0.9098,0.9109,0,0,0,1,FX,NFX
10-Dec-1997,USDEUR,0.911,0.9132,0.9079,0.91,0,0,0,1,FX,NFX
11-Dec-1997,USDEUR,0.9099,0.91,0.8959,0.8959,0,0,0,1,FX,NFX
12-Dec-1997,USDEUR,0.8958,0.9046,0.8958,0.9042,0,0,0,1,FX,NFX
15-Dec-1997,USDEUR,0.905,0.9058,0.9017,0.9046,0,0,0,1,FX,NFX
16-Dec-1997,USDEUR,0.9046,0.909,0.9043,0.9074,0,0,0,1,FX,NFX
17-Dec-1997,USDEUR,0.9074,0.9076,0.8979,0.9041,0,0,0,1,FX,NFX
18-Dec-1997,USDEUR,0.9039,0.9067,0.9033,0.904,0,0,0,1,FX,NFX
19-Dec-1997,USDEUR,0.9039,0.9049,0.9005,0.9044,0,0,0,1,FX,NFX
22-Dec-1997,USDEUR,0.9052,0.908,0.9052,0.9072,0,0,0,1,FX,NFX
23-Dec-1997,USDEUR,0.9072,0.9073,0.9038,0.904,0,0,0,1,FX,NFX
24-Dec-1997,USDEUR,0.904,0.9049,0.9032,0.9032,0,0,0,1,FX,NFX
25-Dec-1997,USDEUR,0.9032,0.9042,0.9032,0.9036,0,0,0,1,FX,NFX
26-Dec-1997,USDEUR,0.9036,0.9042,0.9032,0.9032,0,0,0,1,FX,NFX
29-Dec-1997,USDEUR,0.9028,0.9118,0.9028,0.9115,0,0,0,1,FX,NFX
30-Dec-1997,USDEUR,0.9116,0.9143,0.911,0.911,0,0,0,1,FX,NFX
31-Dec-1997,USDEUR,0.9109,0.9165,0.9109,0.9149,0,0,0,1,FX,NFX
01-Jan-1998,USDEUR,0.9149,0.9158,0.9149,0.9155,0,0,0,1,FX,NFX
02-Jan-1998,USDEUR,0.9155,0.9202,0.9155,0.9184,0,0,0,1,FX,NFX
05-Jan-1998,USDEUR,0.9181,0.9322,0.9175,0.9298,0,0,0,1,FX,NFX
06-Jan-1998,USDEUR,0.9298,0.9356,0.9284,0.9355,0,0,0,1,FX,NFX
07-Jan-1998,USDEUR,0.9355,0.9362,0.9285,0.9304,0,0,0,1,FX,NFX
08-Jan-1998,USDEUR,0.9304,0.934,0.926,0.9287,0,0,0,1,FX,NFX
09-Jan-1998,USDEUR,0.9286,0.9304,0.9225,0.9289,0,0,0,1,FX,NFX
12-Jan-1998,USDEUR,0.9303,0.9305,0.9242,0.9287,0,0,0,1,FX,NFX
13-Jan-1998,USDEUR,0.9287,0.9303,0.9255,0.9284,0,0,0,1,FX,NFX
14-Jan-1998,USDEUR,0.9284,0.9323,0.9279,0.9293,0,0,0,1,FX,NFX
15-Jan-1998,USDEUR,0.9293,0.9348,0.9276,0.9333,0,0,0,1,FX,NFX
16-Jan-1998,USDEUR,0.9333,0.9349,0.9311,0.9346,0,0,0,1,FX,NFX
19-Jan-1998,USDEUR,0.9343,0.9395,0.9343,0.9356,0,0,0,1,FX,NFX
20-Jan-1998,USDEUR,0.9356,0.9392,0.9356,0.9369,0,0,0,1,FX,NFX
21-Jan-1998,USDEUR,0.9369,0.937,0.9269,0.9269,0,0,0,1,FX,NFX
22-Jan-1998,USDEUR,0.9269,0.9273,0.9181,0.9196,0,0,0,1,FX,NFX
23-Jan-1998,USDEUR,0.9196,0.9202,0.9062,0.9067,0,0,0,1,FX,NFX
26-Jan-1998,USDEUR,0.9044,0.9163,0.8995,0.9146,0,0,0,1,FX,NFX
27-Jan-1998,USDEUR,0.9146,0.9152,0.911,0.9114,0,0,0,1,FX,NFX
28-Jan-1998,USDEUR,0.9114,0.9252,0.9114,0.925,0,0,0,1,FX,NFX
29-Jan-1998,USDEUR,0.925,0.9332,0.922,0.9326,0,0,0,1,FX,NFX
30-Jan-1998,USDEUR,0.9327,0.935,0.9291,0.9337,0,0,0,1,FX,NFX
02-Feb-1998,USDEUR,0.9342,0.9369,0.9261,0.9261,0,0,0,1,FX,NFX
03-Feb-1998,USDEUR,0.9261,0.9305,0.9238,0.9238,0,0,0,1,FX,NFX
04-Feb-1998,USDEUR,0.9238,0.9279,0.9187,0.9194,0,0,0,1,FX,NFX
05-Feb-1998,USDEUR,0.9193,0.9201,0.9114,0.9114,0,0,0,1,FX,NFX
06-Feb-1998,USDEUR,0.9116,0.924,0.9116,0.9225,0,0,0,1,FX,NFX
09-Feb-1998,USDEUR,0.9242,0.9285,0.9233,0.9277,0,0,0,1,FX,NFX
10-Feb-1998,USDEUR,0.9276,0.9276,0.9222,0.9222,0,0,0,1,FX,NFX
11-Feb-1998,USDEUR,0.9222,0.9301,0.922,0.9284,0,0,0,1,FX,NFX
12-Feb-1998,USDEUR,0.9283,0.9291,0.9225,0.9225,0,0,0,1,FX,NFX
13-Feb-1998,USDEUR,0.9225,0.9318,0.9225,0.9278,0,0,0,1,FX,NFX
16-Feb-1998,USDEUR,0.928,0.9304,0.927,0.927,0,0,0,1,FX,NFX
17-Feb-1998,USDEUR,0.9271,0.9329,0.926,0.931,0,0,0,1,FX,NFX
18-Feb-1998,USDEUR,0.931,0.9325,0.9284,0.9294,0,0,0,1,FX,NFX
19-Feb-1998,USDEUR,0.9294,0.9313,0.9263,0.9263,0,0,0,1,FX,NFX
20-Feb-1998,USDEUR,0.9263,0.9307,0.9263,0.9291,0,0,0,1,FX,NFX
23-Feb-1998,USDEUR,0.928,0.9311,0.915,0.9167,0,0,0,1,FX,NFX
24-Feb-1998,USDEUR,0.9167,0.9203,0.9165,0.9172,0,0,0,1,FX,NFX
25-Feb-1998,USDEUR,0.9173,0.928,0.917,0.9272,0,0,0,1,FX,NFX
26-Feb-1998,USDEUR,0.9272,0.9294,0.9244,0.9258,0,0,0,1,FX,NFX
27-Feb-1998,USDEUR,0.9258,0.9273,0.9234,0.9265,0,0,0,1,FX,NFX
02-Mar-1998,USDEUR,0.9256,0.9256,0.9202,0.9255,0,0,0,1,FX,NFX
03-Mar-1998,USDEUR,0.9255,0.9281,0.9228,0.9237,0,0,0,1,FX,NFX
04-Mar-1998,USDEUR,0.9237,0.9288,0.9237,0.9273,0,0,0,1,FX,NFX
05-Mar-1998,USDEUR,0.9273,0.9363,0.924,0.9352,0,0,0,1,FX,NFX
06-Mar-1998,USDEUR,0.9351,0.9375,0.9329,0.9349,0,0,0,1,FX,NFX
09-Mar-1998,USDEUR,0.9349,0.9355,0.9315,0.9315,0,0,0,1,FX,NFX
10-Mar-1998,USDEUR,0.9315,0.935,0.9315,0.9329,0,0,0,1,FX,NFX
11-Mar-1998,USDEUR,0.9329,0.9372,0.9329,0.9337,0,0,0,1,FX,NFX
12-Mar-1998,USDEUR,0.9337,0.9352,0.9321,0.9327,0,0,0,1,FX,NFX
13-Mar-1998,USDEUR,0.9327,0.9359,0.927,0.9279,0,0,0,1,FX,NFX
16-Mar-1998,USDEUR,0.9271,0.9297,0.9271,0.9279,0,0,0,1,FX,NFX
17-Mar-1998,USDEUR,0.9279,0.9302,0.9253,0.9279,0,0,0,1,FX,NFX
18-Mar-1998,USDEUR,0.9279,0.9329,0.9279,0.9319,0,0,0,1,FX,NFX
19-Mar-1998,USDEUR,0.9319,0.9351,0.9319,0.9343,0,0,0,1,FX,NFX
20-Mar-1998,USDEUR,0.9343,0.9363,0.9335,0.9337,0,0,0,1,FX,NFX
23-Mar-1998,USDEUR,0.934,0.936,0.9311,0.9311,0,0,0,1,FX,NFX
24-Mar-1998,USDEUR,0.9311,0.9334,0.9311,0.9322,0,0,0,1,FX,NFX
25-Mar-1998,USDEUR,0.9323,0.9342,0.9315,0.9317,0,0,0,1,FX,NFX
26-Mar-1998,USDEUR,0.9316,0.933,0.9289,0.9291,0,0,0,1,FX,NFX
27-Mar-1998,USDEUR,0.9291,0.9329,0.9289,0.9316,0,0,0,1,FX,NFX
30-Mar-1998,USDEUR,0.9323,0.9429,0.9323,0.9428,0,0,0,1,FX,NFX
31-Mar-1998,USDEUR,0.9428,0.9454,0.942,0.9422,0,0,0,1,FX,NFX
01-Apr-1998,USDEUR,0.9422,0.9461,0.9422,0.9454,0,0,0,1,FX,NFX
02-Apr-1998,USDEUR,0.9454,0.9468,0.9433,0.9456,0,0,0,1,FX,NFX
03-Apr-1998,USDEUR,0.9456,0.9466,0.9428,0.9428,0,0,0,1,FX,NFX
06-Apr-1998,USDEUR,0.942,0.942,0.9387,0.9387,0,0,0,1,FX,NFX
07-Apr-1998,USDEUR,0.9388,0.9395,0.9369,0.9369,0,0,0,1,FX,NFX
08-Apr-1998,USDEUR,0.9369,0.9372,0.9248,0.9259,0,0,0,1,FX,NFX
09-Apr-1998,USDEUR,0.9259,0.9317,0.9257,0.9302,0,0,0,1,FX,NFX
10-Apr-1998,USDEUR,0.9302,0.9307,0.9283,0.9285,0,0,0,1,FX,NFX
13-Apr-1998,USDEUR,0.9286,0.9314,0.9286,0.9313,0,0,0,1,FX,NFX
14-Apr-1998,USDEUR,0.9308,0.9322,0.9266,0.9266,0,0,0,1,FX,NFX
15-Apr-1998,USDEUR,0.9261,0.9269,0.9192,0.9192,0,0,0,1,FX,NFX
16-Apr-1998,USDEUR,0.9182,0.9221,0.9182,0.9218,0,0,0,1,FX,NFX
17-Apr-1998,USDEUR,0.921,0.9245,0.921,0.921,0,0,0,1,FX,NFX
20-Apr-1998,USDEUR,0.9193,0.9251,0.9189,0.9224,0,0,0,1,FX,NFX
21-Apr-1998,USDEUR,0.9223,0.923,0.9134,0.9134,0,0,0,1,FX,NFX
22-Apr-1998,USDEUR,0.9129,0.9163,0.9119,0.9152,0,0,0,1,FX,NFX
23-Apr-1998,USDEUR,0.9133,0.9171,0.9133,0.9155,0,0,0,1,FX,NFX
24-Apr-1998,USDEUR,0.9143,0.919,0.9143,0.9156,0,0,0,1,FX,NFX
27-Apr-1998,USDEUR,0.9155,0.9171,0.9143,0.9155,0,0,0,1,FX,NFX
28-Apr-1998,USDEUR,0.9146,0.917,0.9122,0.9137,0,0,0,1,FX,NFX
29-Apr-1998,USDEUR,0.9125,0.9165,0.9125,0.9163,0,0,0,1,FX,NFX
30-Apr-1998,USDEUR,0.916,0.9187,0.915,0.915,0,0,0,1,FX,NFX
01-May-1998,USDEUR,0.9141,0.9165,0.9129,0.9131,0,0,0,1,FX,NFX
04-May-1998,USDEUR,0.9118,0.9145,0.9072,0.9104,0,0,0,1,FX,NFX
05-May-1998,USDEUR,0.9104,0.9107,0.9067,0.9067,0,0,0,1,FX,NFX
06-May-1998,USDEUR,0.9063,0.9069,0.9024,0.9036,0,0,0,1,FX,NFX
07-May-1998,USDEUR,0.9032,0.9044,0.9012,0.9028,0,0,0,1,FX,NFX
08-May-1998,USDEUR,0.9015,0.9036,0.9005,0.9023,0,0,0,1,FX,NFX
11-May-1998,USDEUR,0.9014,0.9062,0.9014,0.9032,0,0,0,1,FX,NFX
12-May-1998,USDEUR,0.9017,0.9072,0.9017,0.9061,0,0,0,1,FX,NFX
13-May-1998,USDEUR,0.9053,0.9067,0.9049,0.9065,0,0,0,1,FX,NFX
14-May-1998,USDEUR,0.906,0.9088,0.9058,0.9058,0,0,0,1,FX,NFX
15-May-1998,USDEUR,0.905,0.9095,0.905,0.9089,0,0,0,1,FX,NFX
18-May-1998,USDEUR,0.9078,0.9115,0.9078,0.9104,0,0,0,1,FX,NFX
19-May-1998,USDEUR,0.91,0.9123,0.9089,0.9089,0,0,0,1,FX,NFX
20-May-1998,USDEUR,0.9089,0.9104,0.9056,0.9056,0,0,0,1,FX,NFX
21-May-1998,USDEUR,0.9054,0.9064,0.9,0.9,0,0,0,1,FX,NFX
22-May-1998,USDEUR,0.8993,0.9001,0.8968,0.8978,0,0,0,1,FX,NFX
25-May-1998,USDEUR,0.8975,0.8996,0.8971,0.8993,0,0,0,1,FX,NFX
26-May-1998,USDEUR,0.8982,0.9023,0.8982,0.9023,0,0,0,1,FX,NFX
27-May-1998,USDEUR,0.9009,0.9059,0.9009,0.9037,0,0,0,1,FX,NFX
28-May-1998,USDEUR,0.9005,0.9104,0.9005,0.9077,0,0,0,1,FX,NFX
29-May-1998,USDEUR,0.907,0.9113,0.907,0.9109,0,0,0,1,FX,NFX
01-Jun-1998,USDEUR,0.9099,0.9118,0.9067,0.9067,0,0,0,1,FX,NFX
02-Jun-1998,USDEUR,0.9061,0.9101,0.9061,0.9087,0,0,0,1,FX,NFX
03-Jun-1998,USDEUR,0.9082,0.909,0.9052,0.9052,0,0,0,1,FX,NFX
04-Jun-1998,USDEUR,0.9051,0.9055,0.9014,0.9014,0,0,0,1,FX,NFX
05-Jun-1998,USDEUR,0.9004,0.9044,0.9004,0.9035,0,0,0,1,FX,NFX
08-Jun-1998,USDEUR,0.9021,0.9073,0.9021,0.9066,0,0,0,1,FX,NFX
09-Jun-1998,USDEUR,0.9055,0.9082,0.9055,0.9068,0,0,0,1,FX,NFX
10-Jun-1998,USDEUR,0.9059,0.9127,0.9059,0.9118,0,0,0,1,FX,NFX
11-Jun-1998,USDEUR,0.9096,0.9192,0.9096,0.9175,0,0,0,1,FX,NFX
12-Jun-1998,USDEUR,0.9156,0.9231,0.9156,0.9215,0,0,0,1,FX,NFX
15-Jun-1998,USDEUR,0.9209,0.925,0.9202,0.925,0,0,0,1,FX,NFX
16-Jun-1998,USDEUR,0.924,0.925,0.9175,0.9175,0,0,0,1,FX,NFX
17-Jun-1998,USDEUR,0.9173,0.9184,0.9137,0.9137,0,0,0,1,FX,NFX
18-Jun-1998,USDEUR,0.9135,0.9166,0.9101,0.9118,0,0,0,1,FX,NFX
19-Jun-1998,USDEUR,0.91,0.9161,0.91,0.9134,0,0,0,1,FX,NFX
22-Jun-1998,USDEUR,0.9123,0.9174,0.9111,0.9168,0,0,0,1,FX,NFX
23-Jun-1998,USDEUR,0.9163,0.9184,0.9147,0.9151,0,0,0,1,FX,NFX
24-Jun-1998,USDEUR,0.9133,0.9204,0.9133,0.9187,0,0,0,1,FX,NFX
25-Jun-1998,USDEUR,0.9179,0.9199,0.9154,0.9154,0,0,0,1,FX,NFX
26-Jun-1998,USDEUR,0.9149,0.9196,0.9149,0.9181,0,0,0,1,FX,NFX
29-Jun-1998,USDEUR,0.9163,0.9254,0.9163,0.9243,0,0,0,1,FX,NFX
30-Jun-1998,USDEUR,0.9238,0.9253,0.9219,0.9219,0,0,0,1,FX,NFX
01-Jul-1998,USDEUR,0.9211,0.9244,0.921,0.9237,0,0,0,1,FX,NFX
02-Jul-1998,USDEUR,0.9219,0.9285,0.9219,0.9276,0,0,0,1,FX,NFX
03-Jul-1998,USDEUR,0.927,0.9301,0.927,0.9273,0,0,0,1,FX,NFX
06-Jul-1998,USDEUR,0.9262,0.928,0.9251,0.9253,0,0,0,1,FX,NFX
07-Jul-1998,USDEUR,0.9249,0.9262,0.9226,0.9261,0,0,0,1,FX,NFX
08-Jul-1998,USDEUR,0.9253,0.9269,0.9249,0.9261,0,0,0,1,FX,NFX
09-Jul-1998,USDEUR,0.925,0.931,0.925,0.931,0,0,0,1,FX,NFX
10-Jul-1998,USDEUR,0.9293,0.9336,0.9293,0.9306,0,0,0,1,FX,NFX
13-Jul-1998,USDEUR,0.9305,0.931,0.9209,0.9219,0,0,0,1,FX,NFX
14-Jul-1998,USDEUR,0.9217,0.9232,0.9175,0.9175,0,0,0,1,FX,NFX
15-Jul-1998,USDEUR,0.9164,0.9203,0.9164,0.9184,0,0,0,1,FX,NFX
16-Jul-1998,USDEUR,0.9184,0.9193,0.9148,0.9148,0,0,0,1,FX,NFX
17-Jul-1998,USDEUR,0.9144,0.9152,0.9107,0.9107,0,0,0,1,FX,NFX
20-Jul-1998,USDEUR,0.9106,0.9123,0.9088,0.9088,0,0,0,1,FX,NFX
21-Jul-1998,USDEUR,0.9077,0.9107,0.9077,0.9099,0,0,0,1,FX,NFX
22-Jul-1998,USDEUR,0.909,0.9131,0.909,0.911,0,0,0,1,FX,NFX
23-Jul-1998,USDEUR,0.9102,0.9138,0.9102,0.9133,0,0,0,1,FX,NFX
24-Jul-1998,USDEUR,0.913,0.9139,0.9099,0.9099,0,0,0,1,FX,NFX
27-Jul-1998,USDEUR,0.9094,0.9114,0.9078,0.9095,0,0,0,1,FX,NFX
28-Jul-1998,USDEUR,0.908,0.9122,0.9075,0.9088,0,0,0,1,FX,NFX
29-Jul-1998,USDEUR,0.9081,0.9095,0.9026,0.9026,0,0,0,1,FX,NFX
30-Jul-1998,USDEUR,0.9019,0.907,0.9019,0.9055,0,0,0,1,FX,NFX
31-Jul-1998,USDEUR,0.9031,0.909,0.9029,0.9076,0,0,0,1,FX,NFX
03-Aug-1998,USDEUR,0.9076,0.9106,0.9072,0.9105,0,0,0,1,FX,NFX
04-Aug-1998,USDEUR,0.9091,0.9118,0.9072,0.9072,0,0,0,1,FX,NFX
05-Aug-1998,USDEUR,0.9067,0.9089,0.9029,0.9031,0,0,0,1,FX,NFX
06-Aug-1998,USDEUR,0.9021,0.9047,0.9021,0.903,0,0,0,1,FX,NFX
07-Aug-1998,USDEUR,0.9015,0.9059,0.9015,0.9047,0,0,0,1,FX,NFX
10-Aug-1998,USDEUR,0.9032,0.909,0.9032,0.9085,0,0,0,1,FX,NFX
11-Aug-1998,USDEUR,0.9081,0.9103,0.9077,0.9102,0,0,0,1,FX,NFX
12-Aug-1998,USDEUR,0.9095,0.9121,0.9084,0.9085,0,0,0,1,FX,NFX
13-Aug-1998,USDEUR,0.9061,0.9145,0.9061,0.9128,0,0,0,1,FX,NFX
14-Aug-1998,USDEUR,0.9124,0.9158,0.9107,0.9139,0,0,0,1,FX,NFX
17-Aug-1998,USDEUR,0.911,0.9222,0.911,0.9201,0,0,0,1,FX,NFX
18-Aug-1998,USDEUR,0.9198,0.9211,0.9152,0.9169,0,0,0,1,FX,NFX
19-Aug-1998,USDEUR,0.9157,0.9192,0.9157,0.9178,0,0,0,1,FX,NFX
20-Aug-1998,USDEUR,0.9175,0.9198,0.9152,0.9152,0,0,0,1,FX,NFX
21-Aug-1998,USDEUR,0.9142,0.9184,0.9142,0.9164,0,0,0,1,FX,NFX
24-Aug-1998,USDEUR,0.9158,0.9195,0.9158,0.9177,0,0,0,1,FX,NFX
25-Aug-1998,USDEUR,0.9177,0.9178,0.9162,0.9174,0,0,0,1,FX,NFX
26-Aug-1998,USDEUR,0.9169,0.9199,0.9169,0.9186,0,0,0,1,FX,NFX
27-Aug-1998,USDEUR,0.9186,0.9229,0.9186,0.9205,0,0,0,1,FX,NFX
28-Aug-1998,USDEUR,0.9205,0.9232,0.9111,0.9111,0,0,0,1,FX,NFX
31-Aug-1998,USDEUR,0.9111,0.9111,0.8959,0.8979,0,0,0,1,FX,NFX
01-Sep-1998,USDEUR,0.8972,0.9022,0.894,0.897,0,0,0,1,FX,NFX
02-Sep-1998,USDEUR,0.8969,0.8969,0.89,0.8933,0,0,0,1,FX,NFX
03-Sep-1998,USDEUR,0.8934,0.8949,0.8848,0.8848,0,0,0,1,FX,NFX
04-Sep-1998,USDEUR,0.8849,0.8881,0.881,0.8875,0,0,0,1,FX,NFX
07-Sep-1998,USDEUR,0.8876,0.8885,0.8801,0.8801,0,0,0,1,FX,NFX
08-Sep-1998,USDEUR,0.8801,0.8845,0.8777,0.883,0,0,0,1,FX,NFX
09-Sep-1998,USDEUR,0.8829,0.8852,0.8815,0.8828,0,0,0,1,FX,NFX
10-Sep-1998,USDEUR,0.8825,0.885,0.87,0.8705,0,0,0,1,FX,NFX
11-Sep-1998,USDEUR,0.8707,0.8714,0.8599,0.8606,0,0,0,1,FX,NFX
14-Sep-1998,USDEUR,0.8606,0.8691,0.8606,0.8685,0,0,0,1,FX,NFX
15-Sep-1998,USDEUR,0.8681,0.8697,0.8634,0.8634,0,0,0,1,FX,NFX
16-Sep-1998,USDEUR,0.8634,0.8654,0.8611,0.8652,0,0,0,1,FX,NFX
17-Sep-1998,USDEUR,0.8649,0.8668,0.8615,0.8616,0,0,0,1,FX,NFX
18-Sep-1998,USDEUR,0.8617,0.8653,0.859,0.8642,0,0,0,1,FX,NFX
21-Sep-1998,USDEUR,0.8642,0.8655,0.8606,0.8606,0,0,0,1,FX,NFX
22-Sep-1998,USDEUR,0.8608,0.8634,0.858,0.8627,0,0,0,1,FX,NFX
23-Sep-1998,USDEUR,0.8628,0.8641,0.8583,0.8592,0,0,0,1,FX,NFX
24-Sep-1998,USDEUR,0.8593,0.8626,0.8576,0.8576,0,0,0,1,FX,NFX
25-Sep-1998,USDEUR,0.8576,0.859,0.853,0.853,0,0,0,1,FX,NFX
28-Sep-1998,USDEUR,0.853,0.8593,0.851,0.8592,0,0,0,1,FX,NFX
29-Sep-1998,USDEUR,0.8592,0.8595,0.8551,0.8551,0,0,0,1,FX,NFX
30-Sep-1998,USDEUR,0.8549,0.8562,0.8536,0.8544,0,0,0,1,FX,NFX
01-Oct-1998,USDEUR,0.8545,0.8557,0.8478,0.8478,0,0,0,1,FX,NFX
02-Oct-1998,USDEUR,0.8476,0.8478,0.8395,0.841,0,0,0,1,FX,NFX
05-Oct-1998,USDEUR,0.841,0.841,0.8337,0.8338,0,0,0,1,FX,NFX
06-Oct-1998,USDEUR,0.8338,0.8373,0.831,0.8325,0,0,0,1,FX,NFX
07-Oct-1998,USDEUR,0.8323,0.838,0.8298,0.8304,0,0,0,1,FX,NFX
08-Oct-1998,USDEUR,0.8305,0.8305,0.8197,0.824,0,0,0,1,FX,NFX
09-Oct-1998,USDEUR,0.824,0.8361,0.8181,0.8323,0,0,0,1,FX,NFX
12-Oct-1998,USDEUR,0.8324,0.842,0.8324,0.8419,0,0,0,1,FX,NFX
13-Oct-1998,USDEUR,0.842,0.8437,0.8353,0.8353,0,0,0,1,FX,NFX
14-Oct-1998,USDEUR,0.8353,0.8386,0.8352,0.8364,0,0,0,1,FX,NFX
15-Oct-1998,USDEUR,0.8366,0.8383,0.8314,0.8314,0,0,0,1,FX,NFX
16-Oct-1998,USDEUR,0.8314,0.8329,0.8249,0.8249,0,0,0,1,FX,NFX
19-Oct-1998,USDEUR,0.8248,0.8283,0.8238,0.828,0,0,0,1,FX,NFX
20-Oct-1998,USDEUR,0.828,0.8358,0.828,0.835,0,0,0,1,FX,NFX
21-Oct-1998,USDEUR,0.835,0.8391,0.8347,0.8377,0,0,0,1,FX,NFX
22-Oct-1998,USDEUR,0.8376,0.8442,0.8376,0.8408,0,0,0,1,FX,NFX
23-Oct-1998,USDEUR,0.8407,0.8422,0.837,0.8372,0,0,0,1,FX,NFX
26-Oct-1998,USDEUR,0.8373,0.8434,0.8366,0.8434,0,0,0,1,FX,NFX
27-Oct-1998,USDEUR,0.843,0.849,0.8427,0.8469,0,0,0,1,FX,NFX
28-Oct-1998,USDEUR,0.8467,0.8479,0.8442,0.8442,0,0,0,1,FX,NFX
29-Oct-1998,USDEUR,0.8439,0.8458,0.8432,0.8438,0,0,0,1,FX,NFX
30-Oct-1998,USDEUR,0.8436,0.8491,0.8419,0.8487,0,0,0,1,FX,NFX
02-Nov-1998,USDEUR,0.8486,0.8507,0.8472,0.8472,0,0,0,1,FX,NFX
03-Nov-1998,USDEUR,0.847,0.8501,0.847,0.8499,0,0,0,1,FX,NFX
04-Nov-1998,USDEUR,0.8497,0.8525,0.8497,0.8515,0,0,0,1,FX,NFX
05-Nov-1998,USDEUR,0.8514,0.8549,0.8514,0.8535,0,0,0,1,FX,NFX
06-Nov-1998,USDEUR,0.8535,0.8537,0.8504,0.8518,0,0,0,1,FX,NFX
09-Nov-1998,USDEUR,0.8517,0.857,0.8515,0.8568,0,0,0,1,FX,NFX
10-Nov-1998,USDEUR,0.8566,0.8635,0.8566,0.8609,0,0,0,1,FX,NFX
11-Nov-1998,USDEUR,0.8609,0.8621,0.8576,0.8576,0,0,0,1,FX,NFX
12-Nov-1998,USDEUR,0.8577,0.8604,0.8577,0.8604,0,0,0,1,FX,NFX
13-Nov-1998,USDEUR,0.86,0.8646,0.86,0.8602,0,0,0,1,FX,NFX
16-Nov-1998,USDEUR,0.8601,0.8623,0.8554,0.8554,0,0,0,1,FX,NFX
17-Nov-1998,USDEUR,0.8551,0.8554,0.851,0.8515,0,0,0,1,FX,NFX
18-Nov-1998,USDEUR,0.8514,0.8533,0.8501,0.8532,0,0,0,1,FX,NFX
19-Nov-1998,USDEUR,0.8531,0.8574,0.8524,0.8566,0,0,0,1,FX,NFX
20-Nov-1998,USDEUR,0.8564,0.8628,0.8564,0.8625,0,0,0,1,FX,NFX
23-Nov-1998,USDEUR,0.8623,0.867,0.8623,0.867,0,0,0,1,FX,NFX
24-Nov-1998,USDEUR,0.8669,0.8727,0.8669,0.8722,0,0,0,1,FX,NFX
25-Nov-1998,USDEUR,0.8722,0.8736,0.8697,0.8697,0,0,0,1,FX,NFX
26-Nov-1998,USDEUR,0.8696,0.8714,0.8689,0.8706,0,0,0,1,FX,NFX
27-Nov-1998,USDEUR,0.8706,0.8713,0.8695,0.8711,0,0,0,1,FX,NFX
30-Nov-1998,USDEUR,0.8713,0.875,0.871,0.8713,0,0,0,1,FX,NFX
01-Dec-1998,USDEUR,0.871,0.8714,0.8628,0.863,0,0,0,1,FX,NFX
02-Dec-1998,USDEUR,0.8629,0.8635,0.8582,0.8593,0,0,0,1,FX,NFX
03-Dec-1998,USDEUR,0.8593,0.8597,0.8529,0.8529,0,0,0,1,FX,NFX
04-Dec-1998,USDEUR,0.8529,0.8574,0.8517,0.8523,0,0,0,1,FX,NFX
07-Dec-1998,USDEUR,0.8523,0.8583,0.8523,0.8579,0,0,0,1,FX,NFX
08-Dec-1998,USDEUR,0.8578,0.8585,0.8514,0.8514,0,0,0,1,FX,NFX
09-Dec-1998,USDEUR,0.8514,0.8529,0.8507,0.852,0,0,0,1,FX,NFX
10-Dec-1998,USDEUR,0.8519,0.852,0.8436,0.8436,0,0,0,1,FX,NFX
11-Dec-1998,USDEUR,0.8436,0.8456,0.8419,0.842,0,0,0,1,FX,NFX
14-Dec-1998,USDEUR,0.8427,0.8451,0.8396,0.8416,0,0,0,1,FX,NFX
15-Dec-1998,USDEUR,0.8415,0.8473,0.8415,0.847,0,0,0,1,FX,NFX
16-Dec-1998,USDEUR,0.8471,0.8548,0.845,0.8548,0,0,0,1,FX,NFX
17-Dec-1998,USDEUR,0.8547,0.8547,0.8489,0.8512,0,0,0,1,FX,NFX
18-Dec-1998,USDEUR,0.8511,0.8511,0.8467,0.8495,0,0,0,1,FX,NFX
21-Dec-1998,USDEUR,0.8488,0.8546,0.8477,0.8534,0,0,0,1,FX,NFX
22-Dec-1998,USDEUR,0.8533,0.8561,0.8533,0.8539,0,0,0,1,FX,NFX
23-Dec-1998,USDEUR,0.854,0.8551,0.8533,0.8545,0,0,0,1,FX,NFX
24-Dec-1998,USDEUR,0.8543,0.8591,0.8543,0.859,0,0,0,1,FX,NFX
25-Dec-1998,USDEUR,0.8592,0.8592,0.8587,0.8587,0,0,0,1,FX,NFX
28-Dec-1998,USDEUR,0.8588,0.8595,0.8568,0.8568,0,0,0,1,FX,NFX
29-Dec-1998,USDEUR,0.8569,0.857,0.8532,0.854,0,0,0,1,FX,NFX
30-Dec-1998,USDEUR,0.8541,0.8579,0.8521,0.8566,0,0,0,1,FX,NFX
31-Dec-1998,USDEUR,0.8523,0.8531,0.8473,0.8473,0,0,0,1,FX,NFX
01-Jan-1999,USDEUR,0.8559,0.8565,0.8524,0.8559,0,0,0,1,FX,NFX
04-Jan-1999,USDEUR,0.8512,0.8525,0.8402,0.8452,0,0,0,1,FX,NFX
05-Jan-1999,USDEUR,0.8451,0.849,0.8451,0.849,0,0,0,1,FX,NFX
06-Jan-1999,USDEUR,0.8488,0.8648,0.8486,0.8616,0,0,0,1,FX,NFX
07-Jan-1999,USDEUR,0.8599,0.8608,0.8526,0.8533,0,0,0,1,FX,NFX
08-Jan-1999,USDEUR,0.854,0.8622,0.8538,0.8622,0,0,0,1,FX,NFX
11-Jan-1999,USDEUR,0.8615,0.8704,0.8615,0.8704,0,0,0,1,FX,NFX
12-Jan-1999,USDEUR,0.8693,0.8741,0.8648,0.8658,0,0,0,1,FX,NFX
13-Jan-1999,USDEUR,0.8645,0.8645,0.8582,0.8582,0,0,0,1,FX,NFX
14-Jan-1999,USDEUR,0.8566,0.8609,0.8529,0.854,0,0,0,1,FX,NFX
15-Jan-1999,USDEUR,0.8543,0.8641,0.8514,0.8641,0,0,0,1,FX,NFX
18-Jan-1999,USDEUR,0.8636,0.8649,0.861,0.8614,0,0,0,1,FX,NFX
19-Jan-1999,USDEUR,0.8609,0.8646,0.8592,0.8615,0,0,0,1,FX,NFX
20-Jan-1999,USDEUR,0.8613,0.8665,0.8608,0.8641,0,0,0,1,FX,NFX
21-Jan-1999,USDEUR,0.8644,0.8661,0.861,0.8619,0,0,0,1,FX,NFX
22-Jan-1999,USDEUR,0.8622,0.8649,0.8603,0.8632,0,0,0,1,FX,NFX
25-Jan-1999,USDEUR,0.8627,0.8657,0.8616,0.8652,0,0,0,1,FX,NFX
26-Jan-1999,USDEUR,0.8674,0.8674,0.863,0.8648,0,0,0,1,FX,NFX
27-Jan-1999,USDEUR,0.8645,0.8763,0.8645,0.8752,0,0,0,1,FX,NFX
28-Jan-1999,USDEUR,0.8736,0.8784,0.8722,0.8756,0,0,0,1,FX,NFX
29-Jan-1999,USDEUR,0.8758,0.8815,0.8749,0.8794,0,0,0,1,FX,NFX
01-Feb-1999,USDEUR,0.879,0.8854,0.8776,0.8835,0,0,0,1,FX,NFX
02-Feb-1999,USDEUR,0.8848,0.8857,0.8801,0.8814,0,0,0,1,FX,NFX
03-Feb-1999,USDEUR,0.8814,0.8845,0.8803,0.8834,0,0,0,1,FX,NFX
04-Feb-1999,USDEUR,0.8843,0.8887,0.8821,0.8824,0,0,0,1,FX,NFX
05-Feb-1999,USDEUR,0.882,0.8884,0.8797,0.888,0,0,0,1,FX,NFX
08-Feb-1999,USDEUR,0.888,0.8912,0.8825,0.883,0,0,0,1,FX,NFX
09-Feb-1999,USDEUR,0.8828,0.8861,0.8817,0.886,0,0,0,1,FX,NFX
10-Feb-1999,USDEUR,0.8842,0.887,0.8805,0.881,0,0,0,1,FX,NFX
11-Feb-1999,USDEUR,0.8822,0.8898,0.8822,0.8892,0,0,0,1,FX,NFX
12-Feb-1999,USDEUR,0.8906,0.8914,0.8857,0.886,0,0,0,1,FX,NFX
15-Feb-1999,USDEUR,0.8858,0.891,0.8853,0.8903,0,0,0,1,FX,NFX
16-Feb-1999,USDEUR,0.8908,0.8957,0.8899,0.8928,0,0,0,1,FX,NFX
17-Feb-1999,USDEUR,0.8922,0.8924,0.8879,0.89,0,0,0,1,FX,NFX
18-Feb-1999,USDEUR,0.889,0.8938,0.8885,0.8929,0,0,0,1,FX,NFX
19-Feb-1999,USDEUR,0.8928,0.9042,0.8922,0.9038,0,0,0,1,FX,NFX
22-Feb-1999,USDEUR,0.9033,0.9115,0.9033,0.9064,0,0,0,1,FX,NFX
23-Feb-1999,USDEUR,0.906,0.9137,0.9038,0.9089,0,0,0,1,FX,NFX
24-Feb-1999,USDEUR,0.9081,0.9145,0.9055,0.91,0,0,0,1,FX,NFX
25-Feb-1999,USDEUR,0.9085,0.9101,0.9031,0.9054,0,0,0,1,FX,NFX
26-Feb-1999,USDEUR,0.906,0.9126,0.9056,0.9075,0,0,0,1,FX,NFX
01-Mar-1999,USDEUR,0.9067,0.9186,0.9059,0.9186,0,0,0,1,FX,NFX
02-Mar-1999,USDEUR,0.9098,0.92,0.9098,0.9158,0,0,0,1,FX,NFX
03-Mar-1999,USDEUR,0.9143,0.9196,0.9135,0.9182,0,0,0,1,FX,NFX
04-Mar-1999,USDEUR,0.9186,0.927,0.9186,0.9239,0,0,0,1,FX,NFX
05-Mar-1999,USDEUR,0.9252,0.9273,0.9199,0.9238,0,0,0,1,FX,NFX
08-Mar-1999,USDEUR,0.9229,0.9262,0.915,0.9184,0,0,0,1,FX,NFX
09-Mar-1999,USDEUR,0.9184,0.9212,0.9159,0.9183,0,0,0,1,FX,NFX
10-Mar-1999,USDEUR,0.9184,0.9195,0.9109,0.9129,0,0,0,1,FX,NFX
11-Mar-1999,USDEUR,0.9134,0.9263,0.9039,0.9067,0,0,0,1,FX,NFX
12-Mar-1999,USDEUR,0.9061,0.9181,0.9051,0.9164,0,0,0,1,FX,NFX
15-Mar-1999,USDEUR,0.9163,0.9188,0.9123,0.9144,0,0,0,1,FX,NFX
16-Mar-1999,USDEUR,0.9142,0.9245,0.9083,0.909,0,0,0,1,FX,NFX
17-Mar-1999,USDEUR,0.9092,0.9145,0.9054,0.9089,0,0,0,1,FX,NFX
18-Mar-1999,USDEUR,0.909,0.9124,0.9036,0.9114,0,0,0,1,FX,NFX
19-Mar-1999,USDEUR,0.9111,0.9196,0.9089,0.9179,0,0,0,1,FX,NFX
22-Mar-1999,USDEUR,0.9176,0.9224,0.9157,0.9164,0,0,0,1,FX,NFX
23-Mar-1999,USDEUR,0.9159,0.9208,0.915,0.9164,0,0,0,1,FX,NFX
24-Mar-1999,USDEUR,0.9156,0.9194,0.9123,0.9182,0,0,0,1,FX,NFX
25-Mar-1999,USDEUR,0.9183,0.9239,0.9165,0.9223,0,0,0,1,FX,NFX
26-Mar-1999,USDEUR,0.9227,0.9336,0.92,0.9288,0,0,0,1,FX,NFX
29-Mar-1999,USDEUR,0.9285,0.9364,0.9265,0.9317,0,0,0,1,FX,NFX
30-Mar-1999,USDEUR,0.9315,0.935,0.9275,0.9333,0,0,0,1,FX,NFX
31-Mar-1999,USDEUR,0.9324,0.9357,0.9235,0.9276,0,0,0,1,FX,NFX
01-Apr-1999,USDEUR,0.9278,0.9319,0.9235,0.9275,0,0,0,1,FX,NFX
02-Apr-1999,USDEUR,0.9265,0.9287,0.9184,0.9273,0,0,0,1,FX,NFX
05-Apr-1999,USDEUR,0.927,0.9346,0.9261,0.9333,0,0,0,1,FX,NFX
06-Apr-1999,USDEUR,0.9226,0.924,0.922,0.923,0,0,0,1,FX,NFX
07-Apr-1999,USDEUR,0.9276,0.9285,0.9267,0.9275,0,0,0,1,FX,NFX
08-Apr-1999,USDEUR,0.9306,0.9318,0.9293,0.9309,0,0,0,1,FX,NFX
09-Apr-1999,USDEUR,0.9306,0.9315,0.9244,0.9266,0,0,0,1,FX,NFX
12-Apr-1999,USDEUR,0.9238,0.926,0.9238,0.9258,0,0,0,1,FX,NFX
13-Apr-1999,USDEUR,0.928,0.928,0.9271,0.9275,0,0,0,1,FX,NFX
14-Apr-1999,USDEUR,0.926,0.9266,0.925,0.9263,0,0,0,1,FX,NFX
15-Apr-1999,USDEUR,0.9338,0.9346,0.9242,0.9346,0,0,0,1,FX,NFX
16-Apr-1999,USDEUR,0.9338,0.9405,0.9328,0.9344,0,0,0,1,FX,NFX
19-Apr-1999,USDEUR,0.9376,0.9388,0.9375,0.938,0,0,0,1,FX,NFX
20-Apr-1999,USDEUR,0.9403,0.9414,0.9403,0.9412,0,0,0,1,FX,NFX
21-Apr-1999,USDEUR,0.9424,0.9445,0.9423,0.9442,0,0,0,1,FX,NFX
22-Apr-1999,USDEUR,0.9411,0.9416,0.9389,0.9395,0,0,0,1,FX,NFX
23-Apr-1999,USDEUR,0.9411,0.9438,0.9357,0.942,0,0,0,1,FX,NFX
26-Apr-1999,USDEUR,0.9444,0.9449,0.944,0.9446,0,0,0,1,FX,NFX
27-Apr-1999,USDEUR,0.9369,0.9453,0.9369,0.9378,0,0,0,1,FX,NFX
28-Apr-1999,USDEUR,0.9398,0.9425,0.9398,0.9419,0,0,0,1,FX,NFX
29-Apr-1999,USDEUR,0.9431,0.9431,0.9418,0.9421,0,0,0,1,FX,NFX
30-Apr-1999,USDEUR,0.9431,0.9477,0.9407,0.9451,0,0,0,1,FX,NFX
03-May-1999,USDEUR,0.9462,0.9468,0.9452,0.9459,0,0,0,1,FX,NFX
04-May-1999,USDEUR,0.9421,0.9426,0.9403,0.9405,0,0,0,1,FX,NFX
05-May-1999,USDEUR,0.9289,0.9298,0.9285,0.9291,0,0,0,1,FX,NFX
06-May-1999,USDEUR,0.9258,0.9278,0.9258,0.9261,0,0,0,1,FX,NFX
07-May-1999,USDEUR,0.9258,0.9313,0.9241,0.9295,0,0,0,1,FX,NFX
10-May-1999,USDEUR,0.9263,0.9277,0.9262,0.9275,0,0,0,1,FX,NFX
11-May-1999,USDEUR,0.9328,0.9346,0.9328,0.9344,0,0,0,1,FX,NFX
12-May-1999,USDEUR,0.9381,0.9395,0.9381,0.9392,0,0,0,1,FX,NFX
13-May-1999,USDEUR,0.9374,0.9383,0.9369,0.9376,0,0,0,1,FX,NFX
14-May-1999,USDEUR,0.9374,0.9399,0.9307,0.9377,0,0,0,1,FX,NFX
17-May-1999,USDEUR,0.9368,0.9375,0.9368,0.9372,0,0,0,1,FX,NFX
18-May-1999,USDEUR,0.9363,0.9369,0.9359,0.9362,0,0,0,1,FX,NFX
19-May-1999,USDEUR,0.9381,0.9385,0.9376,0.9378,0,0,0,1,FX,NFX
20-May-1999,USDEUR,0.9407,0.9416,0.9407,0.9413,0,0,0,1,FX,NFX
21-May-1999,USDEUR,0.9407,0.9483,0.9403,0.9455,0,0,0,1,FX,NFX
24-May-1999,USDEUR,0.9435,0.9435,0.9425,0.9427,0,0,0,1,FX,NFX
25-May-1999,USDEUR,0.942,0.943,0.9409,0.9417,0,0,0,1,FX,NFX
26-May-1999,USDEUR,0.956,0.958,0.956,0.9574,0,0,0,1,FX,NFX
27-May-1999,USDEUR,0.9578,0.96,0.9578,0.9597,0,0,0,1,FX,NFX
28-May-1999,USDEUR,0.9578,0.9617,0.9517,0.9604,0,0,0,1,FX,NFX
31-May-1999,USDEUR,0.9599,0.9599,0.9592,0.9595,0,0,0,1,FX,NFX
01-Jun-1999,USDEUR,0.9566,0.9599,0.9549,0.957,0,0,0,1,FX,NFX
02-Jun-1999,USDEUR,0.9652,0.9678,0.9556,0.965,0,0,0,1,FX,NFX
03-Jun-1999,USDEUR,0.9678,0.9699,0.9603,0.9685,0,0,0,1,FX,NFX
04-Jun-1999,USDEUR,0.9678,0.973,0.9637,0.964,0,0,0,1,FX,NFX
07-Jun-1999,USDEUR,0.9715,0.9715,0.9654,0.9713,0,0,0,1,FX,NFX
08-Jun-1999,USDEUR,0.9555,0.9739,0.9548,0.9548,0,0,0,1,FX,NFX
09-Jun-1999,USDEUR,0.9549,0.9568,0.9537,0.9554,0,0,0,1,FX,NFX
10-Jun-1999,USDEUR,0.9533,0.9579,0.9505,0.9542,0,0,0,1,FX,NFX
11-Jun-1999,USDEUR,0.9533,0.9552,0.9468,0.9489,0,0,0,1,FX,NFX
14-Jun-1999,USDEUR,0.9592,0.9605,0.9492,0.9595,0,0,0,1,FX,NFX
15-Jun-1999,USDEUR,0.9589,0.9636,0.9578,0.9591,0,0,0,1,FX,NFX
16-Jun-1999,USDEUR,0.97,0.9712,0.9578,0.9701,0,0,0,1,FX,NFX
17-Jun-1999,USDEUR,0.9668,0.9714,0.9657,0.9667,0,0,0,1,FX,NFX
18-Jun-1999,USDEUR,0.9668,0.9713,0.9592,0.9625,0,0,0,1,FX,NFX
21-Jun-1999,USDEUR,0.9659,0.9697,0.9601,0.9661,0,0,0,1,FX,NFX
22-Jun-1999,USDEUR,0.9683,0.9692,0.9657,0.9685,0,0,0,1,FX,NFX
23-Jun-1999,USDEUR,0.9676,0.9732,0.9659,0.9674,0,0,0,1,FX,NFX
24-Jun-1999,USDEUR,0.9599,0.9618,0.9594,0.9611,0,0,0,1,FX,NFX
25-Jun-1999,USDEUR,0.9599,0.962,0.9542,0.9588,0,0,0,1,FX,NFX
28-Jun-1999,USDEUR,0.958,0.9635,0.9578,0.9613,0,0,0,1,FX,NFX
29-Jun-1999,USDEUR,0.9661,0.9694,0.965,0.968,0,0,0,1,FX,NFX
30-Jun-1999,USDEUR,0.9668,0.9717,0.9654,0.9662,0,0,0,1,FX,NFX
01-Jul-1999,USDEUR,0.9767,0.9785,0.9624,0.9775,0,0,0,1,FX,NFX
02-Jul-1999,USDEUR,0.9767,0.9795,0.9746,0.9748,0,0,0,1,FX,NFX
05-Jul-1999,USDEUR,0.978,0.9786,0.978,0.9783,0,0,0,1,FX,NFX
06-Jul-1999,USDEUR,0.9766,0.9769,0.9762,0.9769,0,0,0,1,FX,NFX
07-Jul-1999,USDEUR,0.978,0.9791,0.978,0.9784,0,0,0,1,FX,NFX
08-Jul-1999,USDEUR,0.9787,0.9788,0.9779,0.9787,0,0,0,1,FX,NFX
09-Jul-1999,USDEUR,0.9787,0.9839,0.9759,0.9826,0,0,0,1,FX,NFX
12-Jul-1999,USDEUR,0.985,0.986,0.9806,0.9856,0,0,0,1,FX,NFX
13-Jul-1999,USDEUR,0.9835,0.9835,0.9827,0.9833,0,0,0,1,FX,NFX
14-Jul-1999,USDEUR,0.9797,0.9804,0.9785,0.9798,0,0,0,1,FX,NFX
15-Jul-1999,USDEUR,0.981,0.9815,0.9806,0.9811,0,0,0,1,FX,NFX
16-Jul-1999,USDEUR,0.981,0.9817,0.9789,0.9805,0,0,0,1,FX,NFX
19-Jul-1999,USDEUR,0.9704,0.9704,0.9692,0.9704,0,0,0,1,FX,NFX
20-Jul-1999,USDEUR,0.9601,0.9603,0.9595,0.9599,0,0,0,1,FX,NFX
21-Jul-1999,USDEUR,0.9488,0.9505,0.9483,0.9498,0,0,0,1,FX,NFX
22-Jul-1999,USDEUR,0.9499,0.9521,0.9467,0.9518,0,0,0,1,FX,NFX
23-Jul-1999,USDEUR,0.9499,0.954,0.9485,0.9527,0,0,0,1,FX,NFX
26-Jul-1999,USDEUR,0.9385,0.951,0.9328,0.9383,0,0,0,1,FX,NFX
27-Jul-1999,USDEUR,0.9411,0.9413,0.9402,0.9405,0,0,0,1,FX,NFX
28-Jul-1999,USDEUR,0.9373,0.9438,0.9357,0.9378,0,0,0,1,FX,NFX
29-Jul-1999,USDEUR,0.9318,0.9385,0.9313,0.9324,0,0,0,1,FX,NFX
30-Jul-1999,USDEUR,0.9318,0.9368,0.9304,0.9347,0,0,0,1,FX,NFX
02-Aug-1999,USDEUR,0.9343,0.9407,0.9341,0.9353,0,0,0,1,FX,NFX
03-Aug-1999,USDEUR,0.9363,0.9372,0.9361,0.9362,0,0,0,1,FX,NFX
04-Aug-1999,USDEUR,0.9277,0.9369,0.9266,0.928,0,0,0,1,FX,NFX
05-Aug-1999,USDEUR,0.9295,0.9303,0.924,0.9297,0,0,0,1,FX,NFX
06-Aug-1999,USDEUR,0.9295,0.9323,0.9271,0.9304,0,0,0,1,FX,NFX
09-Aug-1999,USDEUR,0.9329,0.9359,0.9311,0.9331,0,0,0,1,FX,NFX
10-Aug-1999,USDEUR,0.9338,0.9348,0.9291,0.934,0,0,0,1,FX,NFX
11-Aug-1999,USDEUR,0.9381,0.9393,0.9324,0.9383,0,0,0,1,FX,NFX
12-Aug-1999,USDEUR,0.9368,0.9411,0.9368,0.9372,0,0,0,1,FX,NFX
13-Aug-1999,USDEUR,0.9368,0.9467,0.9353,0.9461,0,0,0,1,FX,NFX
16-Aug-1999,USDEUR,0.9452,0.9482,0.9436,0.9449,0,0,0,1,FX,NFX
17-Aug-1999,USDEUR,0.9505,0.9532,0.9446,0.9518,0,0,0,1,FX,NFX
18-Aug-1999,USDEUR,0.9496,0.9523,0.9469,0.9506,0,0,0,1,FX,NFX
19-Aug-1999,USDEUR,0.9394,0.9556,0.939,0.9398,0,0,0,1,FX,NFX
20-Aug-1999,USDEUR,0.9394,0.9407,0.9359,0.9374,0,0,0,1,FX,NFX
23-Aug-1999,USDEUR,0.9525,0.9542,0.9368,0.9538,0,0,0,1,FX,NFX
24-Aug-1999,USDEUR,0.949,0.9609,0.9478,0.9488,0,0,0,1,FX,NFX
25-Aug-1999,USDEUR,0.9598,0.9606,0.948,0.9595,0,0,0,1,FX,NFX
26-Aug-1999,USDEUR,0.9567,0.9601,0.9552,0.9572,0,0,0,1,FX,NFX
27-Aug-1999,USDEUR,0.9567,0.9582,0.9538,0.9561,0,0,0,1,FX,NFX
30-Aug-1999,USDEUR,0.9551,0.9576,0.9535,0.9554,0,0,0,1,FX,NFX
31-Aug-1999,USDEUR,0.9453,0.9551,0.9432,0.9467,0,0,0,1,FX,NFX
01-Sep-1999,USDEUR,0.9445,0.9469,0.9404,0.9453,0,0,0,1,FX,NFX
02-Sep-1999,USDEUR,0.9358,0.9469,0.9323,0.9354,0,0,0,1,FX,NFX
03-Sep-1999,USDEUR,0.9358,0.942,0.933,0.942,0,0,0,1,FX,NFX
06-Sep-1999,USDEUR,0.9419,0.9456,0.9419,0.9446,0,0,0,1,FX,NFX
07-Sep-1999,USDEUR,0.944,0.9504,0.9435,0.9442,0,0,0,1,FX,NFX
08-Sep-1999,USDEUR,0.9431,0.946,0.9397,0.9438,0,0,0,1,FX,NFX
09-Sep-1999,USDEUR,0.9478,0.9498,0.9405,0.9491,0,0,0,1,FX,NFX
10-Sep-1999,USDEUR,0.9478,0.9657,0.9467,0.9647,0,0,0,1,FX,NFX
13-Sep-1999,USDEUR,0.9582,0.9649,0.9582,0.9593,0,0,0,1,FX,NFX
14-Sep-1999,USDEUR,0.9655,0.9686,0.9585,0.9654,0,0,0,1,FX,NFX
15-Sep-1999,USDEUR,0.9615,0.9703,0.96,0.9607,0,0,0,1,FX,NFX
16-Sep-1999,USDEUR,0.9648,0.9658,0.955,0.964,0,0,0,1,FX,NFX
17-Sep-1999,USDEUR,0.9648,0.9648,0.96,0.9606,0,0,0,1,FX,NFX
20-Sep-1999,USDEUR,0.9655,0.9663,0.9571,0.966,0,0,0,1,FX,NFX
21-Sep-1999,USDEUR,0.9529,0.9656,0.9521,0.9532,0,0,0,1,FX,NFX
22-Sep-1999,USDEUR,0.9572,0.96,0.9489,0.9578,0,0,0,1,FX,NFX
23-Sep-1999,USDEUR,0.9524,0.9619,0.9516,0.9516,0,0,0,1,FX,NFX
24-Sep-1999,USDEUR,0.9524,0.9593,0.9487,0.9575,0,0,0,1,FX,NFX
27-Sep-1999,USDEUR,0.955,0.962,0.9545,0.9559,0,0,0,1,FX,NFX
28-Sep-1999,USDEUR,0.9493,0.957,0.9466,0.9502,0,0,0,1,FX,NFX
29-Sep-1999,USDEUR,0.9493,0.9512,0.9389,0.9394,0,0,0,1,FX,NFX
30-Sep-1999,USDEUR,0.9351,0.9423,0.9347,0.9356,0,0,0,1,FX,NFX
01-Oct-1999,USDEUR,0.9351,0.9374,0.9289,0.9323,0,0,0,1,FX,NFX
04-Oct-1999,USDEUR,0.9312,0.9353,0.9282,0.9315,0,0,0,1,FX,NFX
05-Oct-1999,USDEUR,0.9312,0.9372,0.9298,0.9312,0,0,0,1,FX,NFX
06-Oct-1999,USDEUR,0.9313,0.9358,0.9281,0.9355,0,0,0,1,FX,NFX
07-Oct-1999,USDEUR,0.9329,0.936,0.9327,0.9337,0,0,0,1,FX,NFX
08-Oct-1999,USDEUR,0.9329,0.9427,0.9329,0.9407,0,0,0,1,FX,NFX
11-Oct-1999,USDEUR,0.9416,0.9421,0.9388,0.9392,0,0,0,1,FX,NFX
12-Oct-1999,USDEUR,0.9393,0.9404,0.9288,0.9294,0,0,0,1,FX,NFX
13-Oct-1999,USDEUR,0.9251,0.9251,0.925,0.925,0,0,0,1,FX,NFX
14-Oct-1999,USDEUR,0.9251,0.9299,0.9245,0.9276,0,0,0,1,FX,NFX
15-Oct-1999,USDEUR,0.9276,0.9284,0.9168,0.9187,0,0,0,1,FX,NFX
18-Oct-1999,USDEUR,0.9182,0.9258,0.9175,0.9235,0,0,0,1,FX,NFX
19-Oct-1999,USDEUR,0.9234,0.9276,0.922,0.9227,0,0,0,1,FX,NFX
20-Oct-1999,USDEUR,0.9229,0.9316,0.9223,0.9313,0,0,0,1,FX,NFX
21-Oct-1999,USDEUR,0.93,0.9303,0.9237,0.9255,0,0,0,1,FX,NFX
22-Oct-1999,USDEUR,0.925,0.9383,0.9248,0.9356,0,0,0,1,FX,NFX
25-Oct-1999,USDEUR,0.9352,0.9392,0.9343,0.9374,0,0,0,1,FX,NFX
26-Oct-1999,USDEUR,0.9368,0.9462,0.9351,0.9445,0,0,0,1,FX,NFX
27-Oct-1999,USDEUR,0.9439,0.9535,0.9402,0.9518,0,0,0,1,FX,NFX
28-Oct-1999,USDEUR,0.9514,0.9545,0.9485,0.9512,0,0,0,1,FX,NFX
29-Oct-1999,USDEUR,0.9507,0.9577,0.9474,0.9482,0,0,0,1,FX,NFX
01-Nov-1999,USDEUR,0.9478,0.9534,0.9443,0.952,0,0,0,1,FX,NFX
02-Nov-1999,USDEUR,0.9514,0.9533,0.9474,0.9503,0,0,0,1,FX,NFX
03-Nov-1999,USDEUR,0.9503,0.956,0.9496,0.9538,0,0,0,1,FX,NFX
04-Nov-1999,USDEUR,0.9532,0.9654,0.9492,0.9641,0,0,0,1,FX,NFX
05-Nov-1999,USDEUR,0.9635,0.9647,0.9589,0.9597,0,0,0,1,FX,NFX
08-Nov-1999,USDEUR,0.9564,0.9659,0.956,0.9629,0,0,0,1,FX,NFX
09-Nov-1999,USDEUR,0.9624,0.9642,0.9587,0.9613,0,0,0,1,FX,NFX
10-Nov-1999,USDEUR,0.9608,0.962,0.9568,0.958,0,0,0,1,FX,NFX
11-Nov-1999,USDEUR,0.9564,0.962,0.9564,0.9602,0,0,0,1,FX,NFX
12-Nov-1999,USDEUR,0.9605,0.9715,0.9603,0.9686,0,0,0,1,FX,NFX
15-Nov-1999,USDEUR,0.9677,0.9709,0.967,0.9692,0,0,0,1,FX,NFX
16-Nov-1999,USDEUR,0.9676,0.9706,0.9659,0.9678,0,0,0,1,FX,NFX
17-Nov-1999,USDEUR,0.9706,0.9712,0.9586,0.9604,0,0,0,1,FX,NFX
18-Nov-1999,USDEUR,0.9605,0.9712,0.9605,0.9712,0,0,0,1,FX,NFX
19-Nov-1999,USDEUR,0.9705,0.9756,0.968,0.9701,0,0,0,1,FX,NFX
22-Nov-1999,USDEUR,0.9613,0.972,0.9613,0.969,0,0,0,1,FX,NFX
23-Nov-1999,USDEUR,0.9689,0.9746,0.9677,0.9724,0,0,0,1,FX,NFX
24-Nov-1999,USDEUR,0.9723,0.9841,0.9723,0.9811,0,0,0,1,FX,NFX
25-Nov-1999,USDEUR,0.9819,0.9835,0.9793,0.981,0,0,0,1,FX,NFX
26-Nov-1999,USDEUR,0.9813,0.991,0.9809,0.9844,0,0,0,1,FX,NFX
29-Nov-1999,USDEUR,0.9847,0.9959,0.9812,0.9901,0,0,0,1,FX,NFX
30-Nov-1999,USDEUR,0.9896,0.9954,0.9877,0.992,0,0,0,1,FX,NFX
01-Dec-1999,USDEUR,0.9907,0.995,0.9878,0.9913,0,0,0,1,FX,NFX
02-Dec-1999,USDEUR,0.9917,0.9998,0.9896,0.9984,0,0,0,1,FX,NFX
03-Dec-1999,USDEUR,0.9978,1.0009,0.9957,0.9985,0,0,0,1,FX,NFX
06-Dec-1999,USDEUR,0.9975,1.0005,0.9747,0.9776,0,0,0,1,FX,NFX
07-Dec-1999,USDEUR,0.9758,0.9762,0.9754,0.9757,0,0,0,1,FX,NFX
08-Dec-1999,USDEUR,0.9768,0.9775,0.9726,0.9732,0,0,0,1,FX,NFX
09-Dec-1999,USDEUR,0.984,0.9848,0.9769,0.9791,0,0,0,1,FX,NFX
10-Dec-1999,USDEUR,0.9857,0.9888,0.9836,0.9873,0,0,0,1,FX,NFX
13-Dec-1999,USDEUR,0.9877,0.9893,0.9859,0.9859,0,0,0,1,FX,NFX
14-Dec-1999,USDEUR,0.9958,0.9965,0.9916,0.9942,0,0,0,1,FX,NFX
15-Dec-1999,USDEUR,0.9972,0.9985,0.9918,0.9929,0,0,0,1,FX,NFX
16-Dec-1999,USDEUR,0.9926,0.9933,0.9818,0.9848,0,0,0,1,FX,NFX
17-Dec-1999,USDEUR,0.9838,0.9934,0.9763,0.992,0,0,0,1,FX,NFX
20-Dec-1999,USDEUR,0.9722,0.9954,0.972,0.9879,0,0,0,1,FX,NFX
21-Dec-1999,USDEUR,0.9862,0.9921,0.9855,0.9914,0,0,0,1,FX,NFX
22-Dec-1999,USDEUR,0.9913,0.9936,0.9894,0.9913,0,0,0,1,FX,NFX
23-Dec-1999,USDEUR,0.9905,0.9925,0.9832,0.9857,0,0,0,1,FX,NFX
24-Dec-1999,USDEUR,0.9844,0.9881,0.9836,0.985,0,0,0,1,FX,NFX
27-Dec-1999,USDEUR,0.9867,0.9884,0.9846,0.987,0,0,0,1,FX,NFX
28-Dec-1999,USDEUR,0.987,0.9958,0.9864,0.9936,0,0,0,1,FX,NFX
29-Dec-1999,USDEUR,0.9929,0.996,0.99,0.9949,0,0,0,1,FX,NFX
30-Dec-1999,USDEUR,0.9953,0.9958,0.9926,0.9936,0,0,0,1,FX,NFX
31-Dec-1999,USDEUR,0.9929,0.995,0.9897,0.9897,0,0,0,1,FX,NFX
03-Jan-2000,USDEUR,0.9911,0.9942,0.9729,0.9729,0,0,0,1,FX,NFX
04-Jan-2000,USDEUR,0.9746,0.9787,0.9673,0.9715,0,0,0,1,FX,NFX
05-Jan-2000,USDEUR,0.9699,0.9719,0.9616,0.9697,0,0,0,1,FX,NFX
06-Jan-2000,USDEUR,0.9685,0.9725,0.9604,0.9712,0,0,0,1,FX,NFX
07-Jan-2000,USDEUR,0.9688,0.9743,0.9678,0.9724,0,0,0,1,FX,NFX
10-Jan-2000,USDEUR,0.9719,0.9788,0.9709,0.9739,0,0,0,1,FX,NFX
11-Jan-2000,USDEUR,0.9751,0.9756,0.968,0.9688,0,0,0,1,FX,NFX
12-Jan-2000,USDEUR,0.9673,0.9742,0.9649,0.9697,0,0,0,1,FX,NFX
13-Jan-2000,USDEUR,0.9698,0.9766,0.9693,0.9748,0,0,0,1,FX,NFX
14-Jan-2000,USDEUR,0.9747,0.9881,0.9735,0.985,0,0,0,1,FX,NFX
17-Jan-2000,USDEUR,0.9846,0.9928,0.9846,0.9879,0,0,0,1,FX,NFX
18-Jan-2000,USDEUR,0.9884,0.9924,0.9865,0.9886,0,0,0,1,FX,NFX
19-Jan-2000,USDEUR,0.9867,0.9909,0.9844,0.9877,0,0,0,1,FX,NFX
20-Jan-2000,USDEUR,0.9875,0.992,0.9818,0.9839,0,0,0,1,FX,NFX
21-Jan-2000,USDEUR,0.9826,0.9944,0.9814,0.9904,0,0,0,1,FX,NFX
24-Jan-2000,USDEUR,0.9901,0.9996,0.9901,0.9963,0,0,0,1,FX,NFX
25-Jan-2000,USDEUR,0.9932,0.9997,0.9906,0.9981,0,0,0,1,FX,NFX
26-Jan-2000,USDEUR,0.9987,1.0003,0.9949,0.9985,0,0,0,1,FX,NFX
27-Jan-2000,USDEUR,0.998,1.0126,0.9976,1.0108,0,0,0,1,FX,NFX
28-Jan-2000,USDEUR,1.0116,1.0267,1.0106,1.0225,0,0,0,1,FX,NFX
31-Jan-2000,USDEUR,1.022,1.0328,1.0177,1.0319,0,0,0,1,FX,NFX
01-Feb-2000,USDEUR,1.0309,1.0334,1.0232,1.0274,0,0,0,1,FX,NFX
02-Feb-2000,USDEUR,1.0288,1.0313,1.0204,1.0236,0,0,0,1,FX,NFX
03-Feb-2000,USDEUR,1.0247,1.0289,1.0055,1.0095,0,0,0,1,FX,NFX
04-Feb-2000,USDEUR,1.0094,1.025,1.0064,1.0168,0,0,0,1,FX,NFX
07-Feb-2000,USDEUR,1.0182,1.0246,1.018,1.0201,0,0,0,1,FX,NFX
08-Feb-2000,USDEUR,1.0198,1.0214,1.009,1.0141,0,0,0,1,FX,NFX
09-Feb-2000,USDEUR,1.0134,1.015,1.0045,1.008,0,0,0,1,FX,NFX
10-Feb-2000,USDEUR,1.0066,1.0168,1.0042,1.0134,0,0,0,1,FX,NFX
11-Feb-2000,USDEUR,1.0151,1.0209,1.0127,1.0128,0,0,0,1,FX,NFX
14-Feb-2000,USDEUR,1.0184,1.0223,1.0089,1.0184,0,0,0,1,FX,NFX
15-Feb-2000,USDEUR,1.0205,1.0236,1.0143,1.0188,0,0,0,1,FX,NFX
16-Feb-2000,USDEUR,1.0186,1.0211,1.0132,1.0132,0,0,0,1,FX,NFX
17-Feb-2000,USDEUR,1.0136,1.0161,1.0049,1.0118,0,0,0,1,FX,NFX
18-Feb-2000,USDEUR,1.0116,1.0189,1.0102,1.0159,0,0,0,1,FX,NFX
21-Feb-2000,USDEUR,1.0134,1.0158,1.0116,1.0134,0,0,0,1,FX,NFX
22-Feb-2000,USDEUR,1.0124,1.0127,0.9923,0.994,0,0,0,1,FX,NFX
23-Feb-2000,USDEUR,0.9958,0.9989,0.9918,0.9974,0,0,0,1,FX,NFX
24-Feb-2000,USDEUR,0.9962,1.0107,0.9961,1.005,0,0,0,1,FX,NFX
25-Feb-2000,USDEUR,1.0074,1.0279,1.0074,1.0258,0,0,0,1,FX,NFX
28-Feb-2000,USDEUR,1.0264,1.054,1.0261,1.0289,0,0,0,1,FX,NFX
29-Feb-2000,USDEUR,1.0295,1.0394,1.0226,1.0365,0,0,0,1,FX,NFX
01-Mar-2000,USDEUR,1.0368,1.0385,1.0243,1.0273,0,0,0,1,FX,NFX
02-Mar-2000,USDEUR,1.027,1.0388,1.0219,1.0359,0,0,0,1,FX,NFX
03-Mar-2000,USDEUR,1.0355,1.0437,1.0336,1.0437,0,0,0,1,FX,NFX
06-Mar-2000,USDEUR,1.0414,1.0458,1.0346,1.043,0,0,0,1,FX,NFX
07-Mar-2000,USDEUR,1.0427,1.0491,1.0398,1.0434,0,0,0,1,FX,NFX
08-Mar-2000,USDEUR,1.0433,1.0493,1.0388,1.0407,0,0,0,1,FX,NFX
09-Mar-2000,USDEUR,1.0403,1.0411,1.0317,1.0343,0,0,0,1,FX,NFX
10-Mar-2000,USDEUR,1.0339,1.0414,1.0322,1.0375,0,0,0,1,FX,NFX
13-Mar-2000,USDEUR,1.0376,1.0396,1.0281,1.0379,0,0,0,1,FX,NFX
14-Mar-2000,USDEUR,1.0374,1.0407,1.0319,1.0326,0,0,0,1,FX,NFX
15-Mar-2000,USDEUR,1.0323,1.037,1.0297,1.0339,0,0,0,1,FX,NFX
16-Mar-2000,USDEUR,1.0344,1.0363,1.027,1.0317,0,0,0,1,FX,NFX
17-Mar-2000,USDEUR,1.0312,1.0348,1.028,1.0288,0,0,0,1,FX,NFX
20-Mar-2000,USDEUR,1.0279,1.0322,1.0271,1.0273,0,0,0,1,FX,NFX
21-Mar-2000,USDEUR,1.0279,1.0406,1.0272,1.0405,0,0,0,1,FX,NFX
22-Mar-2000,USDEUR,1.0395,1.0434,1.0388,1.0407,0,0,0,1,FX,NFX
23-Mar-2000,USDEUR,1.0402,1.0411,1.0283,1.029,0,0,0,1,FX,NFX
24-Mar-2000,USDEUR,1.0291,1.033,1.0228,1.0228,0,0,0,1,FX,NFX
27-Mar-2000,USDEUR,1.0253,1.0377,1.0219,1.0338,0,0,0,1,FX,NFX
28-Mar-2000,USDEUR,1.0336,1.0413,1.031,1.0412,0,0,0,1,FX,NFX
29-Mar-2000,USDEUR,1.0421,1.0532,1.0416,1.0516,0,0,0,1,FX,NFX
30-Mar-2000,USDEUR,1.0504,1.0511,1.0395,1.0401,0,0,0,1,FX,NFX
31-Mar-2000,USDEUR,1.0396,1.0489,1.0388,1.0466,0,0,0,1,FX,NFX
03-Apr-2000,USDEUR,1.0456,1.0516,1.0417,1.0462,0,0,0,1,FX,NFX
04-Apr-2000,USDEUR,1.0465,1.051,1.0261,1.0422,0,0,0,1,FX,NFX
05-Apr-2000,USDEUR,1.0421,1.0422,1.0301,1.0389,0,0,0,1,FX,NFX
06-Apr-2000,USDEUR,1.0394,1.0451,1.0371,1.0432,0,0,0,1,FX,NFX
07-Apr-2000,USDEUR,1.0435,1.0478,1.0399,1.0475,0,0,0,1,FX,NFX
10-Apr-2000,USDEUR,1.0465,1.0485,1.0388,1.0389,0,0,0,1,FX,NFX
11-Apr-2000,USDEUR,1.0384,1.0452,1.0373,1.0425,0,0,0,1,FX,NFX
12-Apr-2000,USDEUR,1.0424,1.0501,1.0419,1.0429,0,0,0,1,FX,NFX
13-Apr-2000,USDEUR,1.0421,1.0512,1.0421,1.0494,0,0,0,1,FX,NFX
14-Apr-2000,USDEUR,1.0495,1.0512,1.0393,1.0393,0,0,0,1,FX,NFX
17-Apr-2000,USDEUR,1.0401,1.0507,1.0343,1.0498,0,0,0,1,FX,NFX
18-Apr-2000,USDEUR,1.0493,1.059,1.0493,1.0573,0,0,0,1,FX,NFX
19-Apr-2000,USDEUR,1.0575,1.0678,1.0544,1.0634,0,0,0,1,FX,NFX
20-Apr-2000,USDEUR,1.0634,1.0692,1.0613,1.0655,0,0,0,1,FX,NFX
21-Apr-2000,USDEUR,1.0665,1.0675,1.0643,1.0661,0,0,0,1,FX,NFX
24-Apr-2000,USDEUR,1.0662,1.0668,1.0585,1.0662,0,0,0,1,FX,NFX
25-Apr-2000,USDEUR,1.0661,1.0906,1.0644,1.0863,0,0,0,1,FX,NFX
26-Apr-2000,USDEUR,1.0858,1.0895,1.0815,1.0832,0,0,0,1,FX,NFX
27-Apr-2000,USDEUR,1.0827,1.1031,1.082,1.0993,0,0,0,1,FX,NFX
28-Apr-2000,USDEUR,1.0988,1.1053,1.0954,1.099,0,0,0,1,FX,NFX
01-May-2000,USDEUR,1.0976,1.1019,1.0904,1.0922,0,0,0,1,FX,NFX
02-May-2000,USDEUR,1.0918,1.1068,1.0896,1.0994,0,0,0,1,FX,NFX
03-May-2000,USDEUR,1.0991,1.1249,1.0981,1.1181,0,0,0,1,FX,NFX
04-May-2000,USDEUR,1.1176,1.1297,1.1159,1.1233,0,0,0,1,FX,NFX
05-May-2000,USDEUR,1.124,1.124,1.1101,1.1143,0,0,0,1,FX,NFX
08-May-2000,USDEUR,1.114,1.1212,1.1059,1.1141,0,0,0,1,FX,NFX
09-May-2000,USDEUR,1.1137,1.1175,1.1013,1.1019,0,0,0,1,FX,NFX
10-May-2000,USDEUR,1.1018,1.1047,1.096,1.1028,0,0,0,1,FX,NFX
11-May-2000,USDEUR,1.1025,1.112,1.0984,1.1095,0,0,0,1,FX,NFX
12-May-2000,USDEUR,1.1088,1.1134,1.0874,1.0891,0,0,0,1,FX,NFX
15-May-2000,USDEUR,1.0869,1.0973,1.0869,1.0972,0,0,0,1,FX,NFX
16-May-2000,USDEUR,1.097,1.1113,1.0969,1.11,0,0,0,1,FX,NFX
17-May-2000,USDEUR,1.1104,1.1246,1.1074,1.1166,0,0,0,1,FX,NFX
18-May-2000,USDEUR,1.1162,1.1226,1.1148,1.1177,0,0,0,1,FX,NFX
19-May-2000,USDEUR,1.1174,1.1203,1.1164,1.1195,0,0,0,1,FX,NFX
22-May-2000,USDEUR,1.1114,1.1164,1.1024,1.1073,0,0,0,1,FX,NFX
23-May-2000,USDEUR,1.1074,1.1086,1.0924,1.1028,0,0,0,1,FX,NFX
24-May-2000,USDEUR,1.102,1.1067,1.0956,1.1062,0,0,0,1,FX,NFX
25-May-2000,USDEUR,1.1054,1.1135,1.0946,1.097,0,0,0,1,FX,NFX
26-May-2000,USDEUR,1.0958,1.0974,1.0706,1.0742,0,0,0,1,FX,NFX
29-May-2000,USDEUR,1.0708,1.0822,1.0708,1.0791,0,0,0,1,FX,NFX
30-May-2000,USDEUR,1.0788,1.0822,1.0633,1.0748,0,0,0,1,FX,NFX
31-May-2000,USDEUR,1.0748,1.0788,1.066,1.0667,0,0,0,1,FX,NFX
01-Jun-2000,USDEUR,1.0661,1.0771,1.066,1.074,0,0,0,1,FX,NFX
02-Jun-2000,USDEUR,1.0733,1.0754,1.0529,1.057,0,0,0,1,FX,NFX
05-Jun-2000,USDEUR,1.0595,1.0623,1.0535,1.0549,0,0,0,1,FX,NFX
06-Jun-2000,USDEUR,1.0547,1.0578,1.0419,1.0477,0,0,0,1,FX,NFX
07-Jun-2000,USDEUR,1.0477,1.0491,1.0383,1.04,0,0,0,1,FX,NFX
08-Jun-2000,USDEUR,1.039,1.0512,1.0313,1.0459,0,0,0,1,FX,NFX
09-Jun-2000,USDEUR,1.046,1.0569,1.0451,1.049,0,0,0,1,FX,NFX
12-Jun-2000,USDEUR,1.0483,1.0534,1.0458,1.0489,0,0,0,1,FX,NFX
13-Jun-2000,USDEUR,1.0486,1.0501,1.0389,1.0419,0,0,0,1,FX,NFX
14-Jun-2000,USDEUR,1.042,1.0445,1.0364,1.0439,0,0,0,1,FX,NFX
15-Jun-2000,USDEUR,1.0439,1.0521,1.0415,1.0475,0,0,0,1,FX,NFX
16-Jun-2000,USDEUR,1.0474,1.0525,1.0356,1.0366,0,0,0,1,FX,NFX
19-Jun-2000,USDEUR,1.0352,1.0455,1.0319,1.0454,0,0,0,1,FX,NFX
20-Jun-2000,USDEUR,1.0451,1.0491,1.04,1.0473,0,0,0,1,FX,NFX
21-Jun-2000,USDEUR,1.047,1.0601,1.047,1.0587,0,0,0,1,FX,NFX
22-Jun-2000,USDEUR,1.0588,1.0698,1.0556,1.0689,0,0,0,1,FX,NFX
23-Jun-2000,USDEUR,1.0686,1.0704,1.0609,1.0691,0,0,0,1,FX,NFX
26-Jun-2000,USDEUR,1.067,1.0753,1.0645,1.0675,0,0,0,1,FX,NFX
27-Jun-2000,USDEUR,1.0672,1.069,1.0561,1.0576,0,0,0,1,FX,NFX
28-Jun-2000,USDEUR,1.057,1.0636,1.0556,1.0624,0,0,0,1,FX,NFX
29-Jun-2000,USDEUR,1.0634,1.0634,1.0488,1.0507,0,0,0,1,FX,NFX
30-Jun-2000,USDEUR,1.0501,1.0519,1.0418,1.0489,0,0,0,1,FX,NFX
03-Jul-2000,USDEUR,1.0499,1.0544,1.0476,1.0524,0,0,0,1,FX,NFX
04-Jul-2000,USDEUR,1.0521,1.0564,1.0503,1.051,0,0,0,1,FX,NFX
05-Jul-2000,USDEUR,1.0505,1.0517,1.0449,1.0495,0,0,0,1,FX,NFX
06-Jul-2000,USDEUR,1.0494,1.0528,1.0422,1.0517,0,0,0,1,FX,NFX
07-Jul-2000,USDEUR,1.0516,1.0568,1.0498,1.0545,0,0,0,1,FX,NFX
10-Jul-2000,USDEUR,1.0552,1.0557,1.0468,1.047,0,0,0,1,FX,NFX
11-Jul-2000,USDEUR,1.0465,1.0533,1.0456,1.0497,0,0,0,1,FX,NFX
12-Jul-2000,USDEUR,1.0495,1.0645,1.0494,1.061,0,0,0,1,FX,NFX
13-Jul-2000,USDEUR,1.0608,1.0719,1.0607,1.0668,0,0,0,1,FX,NFX
14-Jul-2000,USDEUR,1.0667,1.0735,1.0652,1.0669,0,0,0,1,FX,NFX
17-Jul-2000,USDEUR,1.0605,1.0704,1.0605,1.0681,0,0,0,1,FX,NFX
18-Jul-2000,USDEUR,1.0671,1.0833,1.0669,1.0806,0,0,0,1,FX,NFX
19-Jul-2000,USDEUR,1.0812,1.0875,1.0798,1.0814,0,0,0,1,FX,NFX
20-Jul-2000,USDEUR,1.0813,1.0865,1.0702,1.0716,0,0,0,1,FX,NFX
21-Jul-2000,USDEUR,1.0713,1.0736,1.0661,1.0671,0,0,0,1,FX,NFX
24-Jul-2000,USDEUR,1.067,1.0738,1.0666,1.0713,0,0,0,1,FX,NFX
25-Jul-2000,USDEUR,1.0706,1.073,1.0606,1.0655,0,0,0,1,FX,NFX
26-Jul-2000,USDEUR,1.0652,1.0662,1.0585,1.0603,0,0,0,1,FX,NFX
27-Jul-2000,USDEUR,1.0597,1.0733,1.0591,1.0733,0,0,0,1,FX,NFX
28-Jul-2000,USDEUR,1.0728,1.0842,1.0709,1.0831,0,0,0,1,FX,NFX
31-Jul-2000,USDEUR,1.0828,1.0844,1.0758,1.0796,0,0,0,1,FX,NFX
01-Aug-2000,USDEUR,1.0794,1.0949,1.0766,1.0934,0,0,0,1,FX,NFX
02-Aug-2000,USDEUR,1.0932,1.097,1.0881,1.0944,0,0,0,1,FX,NFX
03-Aug-2000,USDEUR,1.0947,1.1101,1.0901,1.1028,0,0,0,1,FX,NFX
04-Aug-2000,USDEUR,1.1032,1.1091,1.099,1.1012,0,0,0,1,FX,NFX
07-Aug-2000,USDEUR,1.1017,1.1044,1.0976,1.1023,0,0,0,1,FX,NFX
08-Aug-2000,USDEUR,1.102,1.1127,1.1004,1.1084,0,0,0,1,FX,NFX
09-Aug-2000,USDEUR,1.1078,1.1154,1.1071,1.1098,0,0,0,1,FX,NFX
10-Aug-2000,USDEUR,1.1101,1.1104,1.0996,1.1007,0,0,0,1,FX,NFX
11-Aug-2000,USDEUR,1.0997,1.1078,1.094,1.1077,0,0,0,1,FX,NFX
14-Aug-2000,USDEUR,1.1065,1.1106,1.1024,1.104,0,0,0,1,FX,NFX
15-Aug-2000,USDEUR,1.1038,1.104,1.0934,1.095,0,0,0,1,FX,NFX
16-Aug-2000,USDEUR,1.0946,1.1032,1.0898,1.0925,0,0,0,1,FX,NFX
17-Aug-2000,USDEUR,1.0912,1.0974,1.0902,1.0912,0,0,0,1,FX,NFX
18-Aug-2000,USDEUR,1.0912,1.1038,1.0895,1.1032,0,0,0,1,FX,NFX
21-Aug-2000,USDEUR,1.1017,1.1098,1.1013,1.1091,0,0,0,1,FX,NFX
22-Aug-2000,USDEUR,1.1091,1.1175,1.1067,1.1154,0,0,0,1,FX,NFX
23-Aug-2000,USDEUR,1.1153,1.1219,1.1089,1.1089,0,0,0,1,FX,NFX
24-Aug-2000,USDEUR,1.1087,1.1118,1.1051,1.1094,0,0,0,1,FX,NFX
25-Aug-2000,USDEUR,1.1082,1.114,1.1022,1.1084,0,0,0,1,FX,NFX
28-Aug-2000,USDEUR,1.1078,1.1125,1.1057,1.1112,0,0,0,1,FX,NFX
29-Aug-2000,USDEUR,1.1109,1.1215,1.1087,1.1207,0,0,0,1,FX,NFX
30-Aug-2000,USDEUR,1.1207,1.1273,1.1181,1.1186,0,0,0,1,FX,NFX
31-Aug-2000,USDEUR,1.1182,1.131,1.1153,1.1262,0,0,0,1,FX,NFX
01-Sep-2000,USDEUR,1.1257,1.1264,1.1095,1.1112,0,0,0,1,FX,NFX
04-Sep-2000,USDEUR,1.1099,1.1153,1.1066,1.1142,0,0,0,1,FX,NFX
05-Sep-2000,USDEUR,1.1141,1.1298,1.1123,1.124,0,0,0,1,FX,NFX
06-Sep-2000,USDEUR,1.124,1.1508,1.1228,1.1489,0,0,0,1,FX,NFX
07-Sep-2000,USDEUR,1.1488,1.1578,1.1414,1.1475,0,0,0,1,FX,NFX
08-Sep-2000,USDEUR,1.1471,1.1575,1.1434,1.1537,0,0,0,1,FX,NFX
11-Sep-2000,USDEUR,1.1561,1.167,1.1465,1.166,0,0,0,1,FX,NFX
12-Sep-2000,USDEUR,1.166,1.1687,1.1511,1.1574,0,0,0,1,FX,NFX
13-Sep-2000,USDEUR,1.1568,1.1651,1.1489,1.1637,0,0,0,1,FX,NFX
14-Sep-2000,USDEUR,1.1636,1.1675,1.1471,1.1567,0,0,0,1,FX,NFX
15-Sep-2000,USDEUR,1.1564,1.1727,1.1501,1.1709,0,0,0,1,FX,NFX
18-Sep-2000,USDEUR,1.1717,1.1744,1.1664,1.1715,0,0,0,1,FX,NFX
19-Sep-2000,USDEUR,1.1711,1.1793,1.1678,1.1754,0,0,0,1,FX,NFX
20-Sep-2000,USDEUR,1.1744,1.1845,1.1739,1.1777,0,0,0,1,FX,NFX
21-Sep-2000,USDEUR,1.1776,1.1817,1.1632,1.1632,0,0,0,1,FX,NFX
22-Sep-2000,USDEUR,1.1625,1.1662,1.108,1.1407,0,0,0,1,FX,NFX
25-Sep-2000,USDEUR,1.1387,1.1481,1.1329,1.1435,0,0,0,1,FX,NFX
26-Sep-2000,USDEUR,1.1422,1.1456,1.1316,1.1323,0,0,0,1,FX,NFX
27-Sep-2000,USDEUR,1.1323,1.1382,1.1257,1.1321,0,0,0,1,FX,NFX
28-Sep-2000,USDEUR,1.1315,1.1398,1.1285,1.138,0,0,0,1,FX,NFX
29-Sep-2000,USDEUR,1.1371,1.1428,1.13,1.1321,0,0,0,1,FX,NFX
02-Oct-2000,USDEUR,1.131,1.141,1.1291,1.1406,0,0,0,1,FX,NFX
03-Oct-2000,USDEUR,1.1397,1.1452,1.138,1.1418,0,0,0,1,FX,NFX
04-Oct-2000,USDEUR,1.1413,1.1475,1.1393,1.1428,0,0,0,1,FX,NFX
05-Oct-2000,USDEUR,1.1423,1.1519,1.1382,1.1507,0,0,0,1,FX,NFX
06-Oct-2000,USDEUR,1.1502,1.1538,1.1442,1.1515,0,0,0,1,FX,NFX
09-Oct-2000,USDEUR,1.1505,1.1544,1.1478,1.1512,0,0,0,1,FX,NFX
10-Oct-2000,USDEUR,1.1508,1.1546,1.1437,1.1468,0,0,0,1,FX,NFX
11-Oct-2000,USDEUR,1.1471,1.1526,1.141,1.1515,0,0,0,1,FX,NFX
12-Oct-2000,USDEUR,1.1514,1.1613,1.1514,1.1585,0,0,0,1,FX,NFX
13-Oct-2000,USDEUR,1.1588,1.1722,1.1549,1.1693,0,0,0,1,FX,NFX
16-Oct-2000,USDEUR,1.1684,1.1819,1.1684,1.1767,0,0,0,1,FX,NFX
17-Oct-2000,USDEUR,1.1765,1.1795,1.1681,1.1707,0,0,0,1,FX,NFX
18-Oct-2000,USDEUR,1.1701,1.2007,1.1666,1.1917,0,0,0,1,FX,NFX
19-Oct-2000,USDEUR,1.1921,1.193,1.1842,1.1856,0,0,0,1,FX,NFX
20-Oct-2000,USDEUR,1.1856,1.1973,1.179,1.1881,0,0,0,1,FX,NFX
23-Oct-2000,USDEUR,1.187,1.1977,1.187,1.1963,0,0,0,1,FX,NFX
24-Oct-2000,USDEUR,1.1961,1.1979,1.1911,1.1966,0,0,0,1,FX,NFX
25-Oct-2000,USDEUR,1.1957,1.2121,1.1925,1.2086,0,0,0,1,FX,NFX
26-Oct-2000,USDEUR,1.2092,1.2152,1.2015,1.2052,0,0,0,1,FX,NFX
27-Oct-2000,USDEUR,1.2048,1.2067,1.1846,1.1918,0,0,0,1,FX,NFX
30-Oct-2000,USDEUR,1.1909,1.1917,1.1741,1.1895,0,0,0,1,FX,NFX
31-Oct-2000,USDEUR,1.1891,1.1924,1.1767,1.1783,0,0,0,1,FX,NFX
01-Nov-2000,USDEUR,1.1779,1.1803,1.1608,1.1608,0,0,0,1,FX,NFX
02-Nov-2000,USDEUR,1.1604,1.1687,1.1541,1.1651,0,0,0,1,FX,NFX
03-Nov-2000,USDEUR,1.1645,1.166,1.1384,1.1535,0,0,0,1,FX,NFX
06-Nov-2000,USDEUR,1.16,1.1683,1.1461,1.16,0,0,0,1,FX,NFX
07-Nov-2000,USDEUR,1.1599,1.1656,1.1553,1.1622,0,0,0,1,FX,NFX
08-Nov-2000,USDEUR,1.1627,1.1741,1.151,1.169,0,0,0,1,FX,NFX
09-Nov-2000,USDEUR,1.1693,1.1735,1.1529,1.1529,0,0,0,1,FX,NFX
10-Nov-2000,USDEUR,1.1527,1.1636,1.1489,1.163,0,0,0,1,FX,NFX
13-Nov-2000,USDEUR,1.1627,1.168,1.1543,1.1667,0,0,0,1,FX,NFX
14-Nov-2000,USDEUR,1.1668,1.1693,1.1607,1.1648,0,0,0,1,FX,NFX
15-Nov-2000,USDEUR,1.1653,1.169,1.1588,1.1658,0,0,0,1,FX,NFX
16-Nov-2000,USDEUR,1.1663,1.1747,1.1631,1.1716,0,0,0,1,FX,NFX
17-Nov-2000,USDEUR,1.1714,1.1798,1.1661,1.1788,0,0,0,1,FX,NFX
20-Nov-2000,USDEUR,1.1766,1.1816,1.1738,1.1745,0,0,0,1,FX,NFX
21-Nov-2000,USDEUR,1.175,1.1879,1.1718,1.1856,0,0,0,1,FX,NFX
22-Nov-2000,USDEUR,1.1855,1.1891,1.1787,1.1833,0,0,0,1,FX,NFX
23-Nov-2000,USDEUR,1.1828,1.1941,1.1825,1.1918,0,0,0,1,FX,NFX
24-Nov-2000,USDEUR,1.1913,1.1939,1.1833,1.1925,0,0,0,1,FX,NFX
27-Nov-2000,USDEUR,1.1916,1.1922,1.173,1.173,0,0,0,1,FX,NFX
28-Nov-2000,USDEUR,1.1728,1.1755,1.1658,1.1678,0,0,0,1,FX,NFX
29-Nov-2000,USDEUR,1.1676,1.1686,1.1551,1.1666,0,0,0,1,FX,NFX
30-Nov-2000,USDEUR,1.1655,1.167,1.1449,1.1457,0,0,0,1,FX,NFX
01-Dec-2000,USDEUR,1.1453,1.1488,1.137,1.137,0,0,0,1,FX,NFX
04-Dec-2000,USDEUR,1.1373,1.1418,1.1201,1.1278,0,0,0,1,FX,NFX
05-Dec-2000,USDEUR,1.1267,1.1382,1.1229,1.1365,0,0,0,1,FX,NFX
06-Dec-2000,USDEUR,1.1364,1.1399,1.1207,1.1207,0,0,0,1,FX,NFX
07-Dec-2000,USDEUR,1.1208,1.129,1.1145,1.1234,0,0,0,1,FX,NFX
08-Dec-2000,USDEUR,1.1241,1.1351,1.1221,1.1265,0,0,0,1,FX,NFX
11-Dec-2000,USDEUR,1.1396,1.1421,1.1283,1.1396,0,0,0,1,FX,NFX
12-Dec-2000,USDEUR,1.1394,1.1423,1.1314,1.1368,0,0,0,1,FX,NFX
13-Dec-2000,USDEUR,1.1365,1.147,1.1338,1.1403,0,0,0,1,FX,NFX
14-Dec-2000,USDEUR,1.1399,1.1416,1.1198,1.1204,0,0,0,1,FX,NFX
15-Dec-2000,USDEUR,1.1198,1.1227,1.1115,1.1176,0,0,0,1,FX,NFX
18-Dec-2000,USDEUR,1.1179,1.1204,1.1096,1.1172,0,0,0,1,FX,NFX
19-Dec-2000,USDEUR,1.117,1.1258,1.1153,1.1169,0,0,0,1,FX,NFX
20-Dec-2000,USDEUR,1.1163,1.1172,1.1001,1.1001,0,0,0,1,FX,NFX
21-Dec-2000,USDEUR,1.0989,1.1034,1.0906,1.0906,0,0,0,1,FX,NFX
22-Dec-2000,USDEUR,1.0908,1.0933,1.0803,1.0832,0,0,0,1,FX,NFX
25-Dec-2000,USDEUR,1.0822,1.0869,1.0778,1.0796,0,0,0,1,FX,NFX
26-Dec-2000,USDEUR,1.0793,1.0826,1.0725,1.0742,0,0,0,1,FX,NFX
27-Dec-2000,USDEUR,1.0742,1.0781,1.0706,1.0746,0,0,0,1,FX,NFX
28-Dec-2000,USDEUR,1.0738,1.0811,1.0732,1.0755,0,0,0,1,FX,NFX
29-Dec-2000,USDEUR,1.0753,1.0776,1.061,1.061,0,0,0,1,FX,NFX
01-Jan-2001,USDEUR,1.0607,1.0647,1.0602,1.0608,0,0,0,1,FX,NFX
02-Jan-2001,USDEUR,1.0604,1.0673,1.0512,1.0513,0,0,0,1,FX,NFX
03-Jan-2001,USDEUR,1.0512,1.0784,1.0451,1.0784,0,0,0,1,FX,NFX
04-Jan-2001,USDEUR,1.0787,1.0794,1.0509,1.0531,0,0,0,1,FX,NFX
05-Jan-2001,USDEUR,1.0525,1.0563,1.0426,1.0454,0,0,0,1,FX,NFX
08-Jan-2001,USDEUR,1.0442,1.0561,1.0429,1.0558,0,0,0,1,FX,NFX
09-Jan-2001,USDEUR,1.0559,1.0652,1.0553,1.0594,0,0,0,1,FX,NFX
10-Jan-2001,USDEUR,1.0592,1.0678,1.0568,1.0676,0,0,0,1,FX,NFX
11-Jan-2001,USDEUR,1.0673,1.0675,1.047,1.0498,0,0,0,1,FX,NFX
12-Jan-2001,USDEUR,1.0501,1.0557,1.0441,1.0508,0,0,0,1,FX,NFX
15-Jan-2001,USDEUR,1.0492,1.063,1.0492,1.0612,0,0,0,1,FX,NFX
16-Jan-2001,USDEUR,1.0612,1.0668,1.059,1.0615,0,0,0,1,FX,NFX
17-Jan-2001,USDEUR,1.0609,1.0765,1.0587,1.0685,0,0,0,1,FX,NFX
18-Jan-2001,USDEUR,1.0677,1.069,1.0568,1.0603,0,0,0,1,FX,NFX
19-Jan-2001,USDEUR,1.0609,1.071,1.0527,1.0703,0,0,0,1,FX,NFX
22-Jan-2001,USDEUR,1.0696,1.0784,1.0635,1.0652,0,0,0,1,FX,NFX
23-Jan-2001,USDEUR,1.0648,1.067,1.0582,1.0669,0,0,0,1,FX,NFX
24-Jan-2001,USDEUR,1.0676,1.0855,1.0674,1.0847,0,0,0,1,FX,NFX
25-Jan-2001,USDEUR,1.0844,1.0969,1.0811,1.0824,0,0,0,1,FX,NFX
26-Jan-2001,USDEUR,1.0824,1.0869,1.0735,1.0821,0,0,0,1,FX,NFX
29-Jan-2001,USDEUR,1.0821,1.0912,1.0802,1.0907,0,0,0,1,FX,NFX
30-Jan-2001,USDEUR,1.0902,1.0932,1.0778,1.0792,0,0,0,1,FX,NFX
31-Jan-2001,USDEUR,1.0788,1.0805,1.0665,1.0673,0,0,0,1,FX,NFX
01-Feb-2001,USDEUR,1.0673,1.0684,1.0588,1.066,0,0,0,1,FX,NFX
02-Feb-2001,USDEUR,1.0657,1.073,1.0618,1.0682,0,0,0,1,FX,NFX
05-Feb-2001,USDEUR,1.0682,1.0704,1.0593,1.0667,0,0,0,1,FX,NFX
06-Feb-2001,USDEUR,1.0661,1.0773,1.0652,1.0741,0,0,0,1,FX,NFX
07-Feb-2001,USDEUR,1.0732,1.0798,1.0698,1.0771,0,0,0,1,FX,NFX
08-Feb-2001,USDEUR,1.0769,1.0922,1.0755,1.0888,0,0,0,1,FX,NFX
09-Feb-2001,USDEUR,1.0891,1.0943,1.0782,1.0814,0,0,0,1,FX,NFX
12-Feb-2001,USDEUR,1.0802,1.0811,1.0721,1.0733,0,0,0,1,FX,NFX
13-Feb-2001,USDEUR,1.0735,1.09,1.0718,1.0877,0,0,0,1,FX,NFX
14-Feb-2001,USDEUR,1.0859,1.0907,1.0848,1.0892,0,0,0,1,FX,NFX
15-Feb-2001,USDEUR,1.0893,1.1075,1.0872,1.1049,0,0,0,1,FX,NFX
16-Feb-2001,USDEUR,1.1048,1.1051,1.0898,1.0938,0,0,0,1,FX,NFX
19-Feb-2001,USDEUR,1.0939,1.097,1.083,1.0852,0,0,0,1,FX,NFX
20-Feb-2001,USDEUR,1.0848,1.1048,1.0825,1.0961,0,0,0,1,FX,NFX
21-Feb-2001,USDEUR,1.0958,1.1039,1.0895,1.1001,0,0,0,1,FX,NFX
22-Feb-2001,USDEUR,1.0997,1.1088,1.0954,1.1053,0,0,0,1,FX,NFX
23-Feb-2001,USDEUR,1.1058,1.1075,1.0886,1.0904,0,0,0,1,FX,NFX
26-Feb-2001,USDEUR,1.0876,1.1013,1.0876,1.0982,0,0,0,1,FX,NFX
27-Feb-2001,USDEUR,1.0983,1.1008,1.0863,1.0884,0,0,0,1,FX,NFX
28-Feb-2001,USDEUR,1.0884,1.0914,1.0806,1.0828,0,0,0,1,FX,NFX
01-Mar-2001,USDEUR,1.0819,1.0838,1.0729,1.0753,0,0,0,1,FX,NFX
02-Mar-2001,USDEUR,1.075,1.0765,1.0661,1.0688,0,0,0,1,FX,NFX
05-Mar-2001,USDEUR,1.0693,1.077,1.0677,1.0768,0,0,0,1,FX,NFX
06-Mar-2001,USDEUR,1.0768,1.0808,1.0699,1.0703,0,0,0,1,FX,NFX
07-Mar-2001,USDEUR,1.0702,1.0791,1.0671,1.0757,0,0,0,1,FX,NFX
08-Mar-2001,USDEUR,1.0755,1.0782,1.0708,1.0721,0,0,0,1,FX,NFX
09-Mar-2001,USDEUR,1.0721,1.0758,1.0671,1.0716,0,0,0,1,FX,NFX
12-Mar-2001,USDEUR,1.0775,1.0797,1.0775,1.0775,0,0,0,1,FX,NFX
13-Mar-2001,USDEUR,1.0769,1.095,1.0752,1.0928,0,0,0,1,FX,NFX
14-Mar-2001,USDEUR,1.0924,1.1011,1.086,1.0964,0,0,0,1,FX,NFX
15-Mar-2001,USDEUR,1.0965,1.1121,1.0958,1.1118,0,0,0,1,FX,NFX
16-Mar-2001,USDEUR,1.1144,1.1216,1.1109,1.1142,0,0,0,1,FX,NFX
19-Mar-2001,USDEUR,1.114,1.119,1.109,1.112,0,0,0,1,FX,NFX
20-Mar-2001,USDEUR,1.112,1.1124,1.0992,1.0992,0,0,0,1,FX,NFX
21-Mar-2001,USDEUR,1.0993,1.1195,1.0962,1.1163,0,0,0,1,FX,NFX
22-Mar-2001,USDEUR,1.1157,1.1318,1.1147,1.1251,0,0,0,1,FX,NFX
23-Mar-2001,USDEUR,1.1243,1.1292,1.1151,1.1233,0,0,0,1,FX,NFX
26-Mar-2001,USDEUR,1.1227,1.1254,1.1148,1.1158,0,0,0,1,FX,NFX
27-Mar-2001,USDEUR,1.1155,1.1235,1.1123,1.1194,0,0,0,1,FX,NFX
28-Mar-2001,USDEUR,1.1193,1.1301,1.1179,1.1287,0,0,0,1,FX,NFX
29-Mar-2001,USDEUR,1.1282,1.1366,1.1258,1.132,0,0,0,1,FX,NFX
30-Mar-2001,USDEUR,1.132,1.1418,1.129,1.1398,0,0,0,1,FX,NFX
02-Apr-2001,USDEUR,1.1366,1.1384,1.1353,1.1353,0,0,0,1,FX,NFX
03-Apr-2001,USDEUR,1.1366,1.1384,1.1135,1.1135,0,0,0,1,FX,NFX
04-Apr-2001,USDEUR,1.1135,1.1189,1.1051,1.1095,0,0,0,1,FX,NFX
05-Apr-2001,USDEUR,1.1088,1.1182,1.1004,1.1161,0,0,0,1,FX,NFX
06-Apr-2001,USDEUR,1.1151,1.1204,1.105,1.1061,0,0,0,1,FX,NFX
09-Apr-2001,USDEUR,1.1009,1.1155,1.1009,1.1142,0,0,0,1,FX,NFX
10-Apr-2001,USDEUR,1.1145,1.1275,1.112,1.1249,0,0,0,1,FX,NFX
11-Apr-2001,USDEUR,1.1247,1.1348,1.1217,1.1258,0,0,0,1,FX,NFX
12-Apr-2001,USDEUR,1.1247,1.1312,1.1184,1.1214,0,0,0,1,FX,NFX
13-Apr-2001,USDEUR,1.121,1.1258,1.1188,1.1258,0,0,0,1,FX,NFX
16-Apr-2001,USDEUR,1.1253,1.1326,1.1233,1.1253,0,0,0,1,FX,NFX
17-Apr-2001,USDEUR,1.1248,1.1393,1.1226,1.1323,0,0,0,1,FX,NFX
18-Apr-2001,USDEUR,1.1315,1.1481,1.1239,1.1334,0,0,0,1,FX,NFX
19-Apr-2001,USDEUR,1.1338,1.1351,1.1135,1.1135,0,0,0,1,FX,NFX
20-Apr-2001,USDEUR,1.1136,1.1171,1.1054,1.1084,0,0,0,1,FX,NFX
23-Apr-2001,USDEUR,1.1072,1.1174,1.1015,1.1137,0,0,0,1,FX,NFX
24-Apr-2001,USDEUR,1.1136,1.1193,1.109,1.1186,0,0,0,1,FX,NFX
25-Apr-2001,USDEUR,1.1181,1.1225,1.1111,1.1145,0,0,0,1,FX,NFX
26-Apr-2001,USDEUR,1.1142,1.1174,1.106,1.1075,0,0,0,1,FX,NFX
27-Apr-2001,USDEUR,1.1067,1.1251,1.1046,1.1221,0,0,0,1,FX,NFX
30-Apr-2001,USDEUR,1.1221,1.1295,1.1206,1.1269,0,0,0,1,FX,NFX
01-May-2001,USDEUR,1.1271,1.1289,1.1186,1.1191,0,0,0,1,FX,NFX
02-May-2001,USDEUR,1.1191,1.1251,1.1172,1.1184,0,0,0,1,FX,NFX
03-May-2001,USDEUR,1.1174,1.1256,1.114,1.1238,0,0,0,1,FX,NFX
04-May-2001,USDEUR,1.1235,1.1245,1.1104,1.1195,0,0,0,1,FX,NFX
07-May-2001,USDEUR,1.1196,1.1235,1.1189,1.1228,0,0,0,1,FX,NFX
08-May-2001,USDEUR,1.1228,1.1331,1.1219,1.1301,0,0,0,1,FX,NFX
09-May-2001,USDEUR,1.1294,1.1346,1.1289,1.1293,0,0,0,1,FX,NFX
10-May-2001,USDEUR,1.1284,1.1385,1.1215,1.1344,0,0,0,1,FX,NFX
11-May-2001,USDEUR,1.1344,1.1443,1.134,1.1421,0,0,0,1,FX,NFX
14-May-2001,USDEUR,1.141,1.1456,1.1406,1.1437,0,0,0,1,FX,NFX
15-May-2001,USDEUR,1.1438,1.1452,1.1362,1.1379,0,0,0,1,FX,NFX
16-May-2001,USDEUR,1.1385,1.1435,1.1281,1.1317,0,0,0,1,FX,NFX
17-May-2001,USDEUR,1.1321,1.1372,1.1262,1.1326,0,0,0,1,FX,NFX
18-May-2001,USDEUR,1.1326,1.142,1.1326,1.1356,0,0,0,1,FX,NFX
21-May-2001,USDEUR,1.1359,1.1437,1.1341,1.1398,0,0,0,1,FX,NFX
22-May-2001,USDEUR,1.1399,1.1564,1.1397,1.1564,0,0,0,1,FX,NFX
23-May-2001,USDEUR,1.1559,1.1698,1.1546,1.1669,0,0,0,1,FX,NFX
24-May-2001,USDEUR,1.1666,1.176,1.1615,1.1679,0,0,0,1,FX,NFX
25-May-2001,USDEUR,1.1679,1.1707,1.1593,1.1619,0,0,0,1,FX,NFX
28-May-2001,USDEUR,1.1623,1.1656,1.1618,1.1623,0,0,0,1,FX,NFX
29-May-2001,USDEUR,1.1622,1.1723,1.1608,1.1689,0,0,0,1,FX,NFX
30-May-2001,USDEUR,1.1689,1.1715,1.1641,1.1667,0,0,0,1,FX,NFX
31-May-2001,USDEUR,1.1667,1.1835,1.1667,1.1819,0,0,0,1,FX,NFX
01-Jun-2001,USDEUR,1.1824,1.1856,1.1773,1.1815,0,0,0,1,FX,NFX
04-Jun-2001,USDEUR,1.1805,1.1846,1.1714,1.1812,0,0,0,1,FX,NFX
05-Jun-2001,USDEUR,1.1812,1.1866,1.1698,1.1704,0,0,0,1,FX,NFX
06-Jun-2001,USDEUR,1.1707,1.1836,1.1674,1.1787,0,0,0,1,FX,NFX
07-Jun-2001,USDEUR,1.1784,1.1821,1.1744,1.176,0,0,0,1,FX,NFX
08-Jun-2001,USDEUR,1.1751,1.1821,1.1739,1.1755,0,0,0,1,FX,NFX
11-Jun-2001,USDEUR,1.1756,1.1886,1.1712,1.1859,0,0,0,1,FX,NFX
12-Jun-2001,USDEUR,1.1857,1.188,1.1712,1.1712,0,0,0,1,FX,NFX
13-Jun-2001,USDEUR,1.1713,1.1748,1.1674,1.1697,0,0,0,1,FX,NFX
14-Jun-2001,USDEUR,1.1697,1.178,1.1583,1.1589,0,0,0,1,FX,NFX
15-Jun-2001,USDEUR,1.1588,1.1624,1.1535,1.1611,0,0,0,1,FX,NFX
18-Jun-2001,USDEUR,1.1606,1.1659,1.1567,1.1609,0,0,0,1,FX,NFX
19-Jun-2001,USDEUR,1.1612,1.1726,1.1603,1.1712,0,0,0,1,FX,NFX
20-Jun-2001,USDEUR,1.1715,1.1766,1.1687,1.1696,0,0,0,1,FX,NFX
21-Jun-2001,USDEUR,1.1699,1.1739,1.1649,1.1695,0,0,0,1,FX,NFX
22-Jun-2001,USDEUR,1.17,1.1748,1.1662,1.1664,0,0,0,1,FX,NFX
25-Jun-2001,USDEUR,1.1671,1.1675,1.1595,1.1637,0,0,0,1,FX,NFX
26-Jun-2001,USDEUR,1.1634,1.1646,1.156,1.1583,0,0,0,1,FX,NFX
27-Jun-2001,USDEUR,1.158,1.1644,1.1548,1.1635,0,0,0,1,FX,NFX
28-Jun-2001,USDEUR,1.1631,1.1859,1.1606,1.1846,0,0,0,1,FX,NFX
29-Jun-2001,USDEUR,1.1851,1.1852,1.1762,1.1772,0,0,0,1,FX,NFX
02-Jul-2001,USDEUR,1.1771,1.1847,1.1744,1.1802,0,0,0,1,FX,NFX
03-Jul-2001,USDEUR,1.1805,1.1826,1.1753,1.1788,0,0,0,1,FX,NFX
04-Jul-2001,USDEUR,1.1786,1.1858,1.1753,1.1809,0,0,0,1,FX,NFX
05-Jul-2001,USDEUR,1.1793,1.1965,1.1792,1.1949,0,0,0,1,FX,NFX
06-Jul-2001,USDEUR,1.1949,1.1974,1.1794,1.1804,0,0,0,1,FX,NFX
09-Jul-2001,USDEUR,1.1745,1.1838,1.1742,1.1745,0,0,0,1,FX,NFX
10-Jul-2001,USDEUR,1.1753,1.178,1.1665,1.1695,0,0,0,1,FX,NFX
11-Jul-2001,USDEUR,1.1693,1.1717,1.1571,1.1628,0,0,0,1,FX,NFX
12-Jul-2001,USDEUR,1.1631,1.1756,1.1631,1.1711,0,0,0,1,FX,NFX
13-Jul-2001,USDEUR,1.1711,1.1749,1.1682,1.1697,0,0,0,1,FX,NFX
16-Jul-2001,USDEUR,1.1722,1.1733,1.1722,1.1726,0,0,0,1,FX,NFX
17-Jul-2001,USDEUR,1.1722,1.1774,1.1618,1.164,0,0,0,1,FX,NFX
18-Jul-2001,USDEUR,1.164,1.1667,1.1441,1.1441,0,0,0,1,FX,NFX
19-Jul-2001,USDEUR,1.1435,1.1523,1.1382,1.1486,0,0,0,1,FX,NFX
20-Jul-2001,USDEUR,1.1483,1.149,1.1383,1.1472,0,0,0,1,FX,NFX
23-Jul-2001,USDEUR,1.1456,1.1559,1.1456,1.151,0,0,0,1,FX,NFX
24-Jul-2001,USDEUR,1.1505,1.1511,1.1402,1.1434,0,0,0,1,FX,NFX
25-Jul-2001,USDEUR,1.1435,1.1477,1.1349,1.1357,0,0,0,1,FX,NFX
26-Jul-2001,USDEUR,1.1352,1.1428,1.1337,1.1386,0,0,0,1,FX,NFX
27-Jul-2001,USDEUR,1.1386,1.146,1.1358,1.139,0,0,0,1,FX,NFX
30-Jul-2001,USDEUR,1.1394,1.1461,1.1394,1.1437,0,0,0,1,FX,NFX
31-Jul-2001,USDEUR,1.1436,1.1465,1.1393,1.1418,0,0,0,1,FX,NFX
01-Aug-2001,USDEUR,1.1416,1.142,1.1324,1.1349,0,0,0,1,FX,NFX
02-Aug-2001,USDEUR,1.1342,1.1381,1.1312,1.1318,0,0,0,1,FX,NFX
03-Aug-2001,USDEUR,1.1314,1.1382,1.1266,1.131,0,0,0,1,FX,NFX
06-Aug-2001,USDEUR,1.1303,1.1379,1.1303,1.1343,0,0,0,1,FX,NFX
07-Aug-2001,USDEUR,1.1335,1.1425,1.1333,1.1394,0,0,0,1,FX,NFX
08-Aug-2001,USDEUR,1.1394,1.1442,1.1354,1.1359,0,0,0,1,FX,NFX
09-Aug-2001,USDEUR,1.1355,1.136,1.1192,1.1208,0,0,0,1,FX,NFX
10-Aug-2001,USDEUR,1.1204,1.1221,1.1164,1.1196,0,0,0,1,FX,NFX
13-Aug-2001,USDEUR,1.1185,1.1205,1.1103,1.1158,0,0,0,1,FX,NFX
14-Aug-2001,USDEUR,1.1152,1.1185,1.1069,1.1071,0,0,0,1,FX,NFX
15-Aug-2001,USDEUR,1.1069,1.1088,1.0929,1.0929,0,0,0,1,FX,NFX
16-Aug-2001,USDEUR,1.0931,1.0992,1.0871,1.0963,0,0,0,1,FX,NFX
17-Aug-2001,USDEUR,1.0959,1.0985,1.0891,1.0891,0,0,0,1,FX,NFX
20-Aug-2001,USDEUR,1.0867,1.0974,1.0867,1.0935,0,0,0,1,FX,NFX
21-Aug-2001,USDEUR,1.0932,1.1005,1.0892,1.0896,0,0,0,1,FX,NFX
22-Aug-2001,USDEUR,1.0892,1.0943,1.0826,1.0929,0,0,0,1,FX,NFX
23-Aug-2001,USDEUR,1.0928,1.0988,1.0909,1.0925,0,0,0,1,FX,NFX
24-Aug-2001,USDEUR,1.0923,1.1013,1.0911,1.0941,0,0,0,1,FX,NFX
27-Aug-2001,USDEUR,1.0945,1.1005,1.0936,1.0973,0,0,0,1,FX,NFX
28-Aug-2001,USDEUR,1.0967,1.1076,1.0954,1.096,0,0,0,1,FX,NFX
29-Aug-2001,USDEUR,1.0959,1.1004,1.0929,1.0999,0,0,0,1,FX,NFX
30-Aug-2001,USDEUR,1.0994,1.1038,1.0889,1.0911,0,0,0,1,FX,NFX
31-Aug-2001,USDEUR,1.0909,1.1027,1.0874,1.0961,0,0,0,1,FX,NFX
03-Sep-2001,USDEUR,1.0981,1.1041,1.0981,1.1022,0,0,0,1,FX,NFX
04-Sep-2001,USDEUR,1.1018,1.1298,1.1004,1.1253,0,0,0,1,FX,NFX
05-Sep-2001,USDEUR,1.1256,1.1299,1.1222,1.1299,0,0,0,1,FX,NFX
06-Sep-2001,USDEUR,1.1294,1.133,1.1151,1.1154,0,0,0,1,FX,NFX
07-Sep-2001,USDEUR,1.1154,1.1195,1.1021,1.1022,0,0,0,1,FX,NFX
10-Sep-2001,USDEUR,1.1028,1.1145,1.1013,1.1136,0,0,0,1,FX,NFX
11-Sep-2001,USDEUR,1.1132,1.1171,1.0909,1.0931,0,0,0,1,FX,NFX
12-Sep-2001,USDEUR,1.0929,1.1087,1.0929,1.1023,0,0,0,1,FX,NFX
13-Sep-2001,USDEUR,1.1022,1.1051,1.0961,1.0974,0,0,0,1,FX,NFX
14-Sep-2001,USDEUR,1.0968,1.101,1.0815,1.0857,0,0,0,1,FX,NFX
17-Sep-2001,USDEUR,1.0852,1.0898,1.0718,1.0825,0,0,0,1,FX,NFX
18-Sep-2001,USDEUR,1.0816,1.0881,1.0775,1.0783,0,0,0,1,FX,NFX
19-Sep-2001,USDEUR,1.0783,1.083,1.0726,1.0789,0,0,0,1,FX,NFX
20-Sep-2001,USDEUR,1.0776,1.0834,1.0761,1.0781,0,0,0,1,FX,NFX
21-Sep-2001,USDEUR,1.0775,1.1001,1.0775,1.0932,0,0,0,1,FX,NFX
24-Sep-2001,USDEUR,1.0931,1.0979,1.0873,1.0905,0,0,0,1,FX,NFX
25-Sep-2001,USDEUR,1.0905,1.0931,1.0814,1.0841,0,0,0,1,FX,NFX
26-Sep-2001,USDEUR,1.0831,1.0872,1.0819,1.083,0,0,0,1,FX,NFX
27-Sep-2001,USDEUR,1.0832,1.0913,1.0831,1.0892,0,0,0,1,FX,NFX
28-Sep-2001,USDEUR,1.089,1.1009,1.089,1.098,0,0,0,1,FX,NFX
01-Oct-2001,USDEUR,1.0902,1.1033,1.0896,1.0902,0,0,0,1,FX,NFX
02-Oct-2001,USDEUR,1.0898,1.0944,1.0874,1.0884,0,0,0,1,FX,NFX
03-Oct-2001,USDEUR,1.0882,1.0956,1.0831,1.0937,0,0,0,1,FX,NFX
04-Oct-2001,USDEUR,1.0932,1.0971,1.0886,1.089,0,0,0,1,FX,NFX
05-Oct-2001,USDEUR,1.0885,1.0919,1.0863,1.0891,0,0,0,1,FX,NFX
08-Oct-2001,USDEUR,1.0881,1.091,1.0818,1.0855,0,0,0,1,FX,NFX
09-Oct-2001,USDEUR,1.0851,1.0957,1.0842,1.0957,0,0,0,1,FX,NFX
10-Oct-2001,USDEUR,1.0954,1.0987,1.0922,1.0982,0,0,0,1,FX,NFX
11-Oct-2001,USDEUR,1.0975,1.1121,1.0959,1.1081,0,0,0,1,FX,NFX
12-Oct-2001,USDEUR,1.1079,1.1098,1.0963,1.0979,0,0,0,1,FX,NFX
15-Oct-2001,USDEUR,1.097,1.1028,1.0945,1.1003,0,0,0,1,FX,NFX
16-Oct-2001,USDEUR,1.0997,1.1061,1.0975,1.101,0,0,0,1,FX,NFX
17-Oct-2001,USDEUR,1.1005,1.1094,1.0998,1.1064,0,0,0,1,FX,NFX
18-Oct-2001,USDEUR,1.1067,1.1109,1.1043,1.1061,0,0,0,1,FX,NFX
19-Oct-2001,USDEUR,1.1066,1.115,1.1066,1.1124,0,0,0,1,FX,NFX
22-Oct-2001,USDEUR,1.1114,1.1239,1.111,1.1208,0,0,0,1,FX,NFX
23-Oct-2001,USDEUR,1.1205,1.1273,1.1201,1.1226,0,0,0,1,FX,NFX
24-Oct-2001,USDEUR,1.1227,1.1238,1.1182,1.1187,0,0,0,1,FX,NFX
25-Oct-2001,USDEUR,1.1183,1.1257,1.1138,1.1202,0,0,0,1,FX,NFX
26-Oct-2001,USDEUR,1.1202,1.1229,1.1174,1.12,0,0,0,1,FX,NFX
29-Oct-2001,USDEUR,1.1053,1.1204,1.105,1.1053,0,0,0,1,FX,NFX
30-Oct-2001,USDEUR,1.1046,1.1065,1.0989,1.1054,0,0,0,1,FX,NFX
31-Oct-2001,USDEUR,1.1052,1.1125,1.1017,1.1113,0,0,0,1,FX,NFX
01-Nov-2001,USDEUR,1.1102,1.1118,1.0966,1.1087,0,0,0,1,FX,NFX
02-Nov-2001,USDEUR,1.1081,1.1099,1.1025,1.1078,0,0,0,1,FX,NFX
05-Nov-2001,USDEUR,1.1072,1.118,1.1072,1.1135,0,0,0,1,FX,NFX
06-Nov-2001,USDEUR,1.1133,1.1181,1.112,1.1179,0,0,0,1,FX,NFX
07-Nov-2001,USDEUR,1.1173,1.1188,1.1054,1.113,0,0,0,1,FX,NFX
08-Nov-2001,USDEUR,1.1138,1.1228,1.1118,1.1204,0,0,0,1,FX,NFX
09-Nov-2001,USDEUR,1.1201,1.1249,1.1174,1.1181,0,0,0,1,FX,NFX
12-Nov-2001,USDEUR,1.1193,1.1219,1.1099,1.1184,0,0,0,1,FX,NFX
13-Nov-2001,USDEUR,1.1189,1.1372,1.1186,1.1362,0,0,0,1,FX,NFX
14-Nov-2001,USDEUR,1.1353,1.1399,1.131,1.133,0,0,0,1,FX,NFX
15-Nov-2001,USDEUR,1.133,1.136,1.1297,1.1338,0,0,0,1,FX,NFX
16-Nov-2001,USDEUR,1.1336,1.135,1.1283,1.1307,0,0,0,1,FX,NFX
19-Nov-2001,USDEUR,1.1256,1.1406,1.1256,1.1382,0,0,0,1,FX,NFX
20-Nov-2001,USDEUR,1.1375,1.1388,1.131,1.1319,0,0,0,1,FX,NFX
21-Nov-2001,USDEUR,1.1319,1.142,1.1317,1.1383,0,0,0,1,FX,NFX
22-Nov-2001,USDEUR,1.138,1.1412,1.1372,1.1388,0,0,0,1,FX,NFX
23-Nov-2001,USDEUR,1.1384,1.1444,1.1349,1.1386,0,0,0,1,FX,NFX
26-Nov-2001,USDEUR,1.1386,1.1389,1.1326,1.136,0,0,0,1,FX,NFX
27-Nov-2001,USDEUR,1.1356,1.1399,1.1317,1.1321,0,0,0,1,FX,NFX
28-Nov-2001,USDEUR,1.1318,1.134,1.1256,1.1262,0,0,0,1,FX,NFX
29-Nov-2001,USDEUR,1.1261,1.129,1.1213,1.1268,0,0,0,1,FX,NFX
30-Nov-2001,USDEUR,1.1267,1.1298,1.1135,1.1154,0,0,0,1,FX,NFX
03-Dec-2001,USDEUR,1.1158,1.1248,1.1152,1.1217,0,0,0,1,FX,NFX
04-Dec-2001,USDEUR,1.1216,1.125,1.1209,1.1232,0,0,0,1,FX,NFX
05-Dec-2001,USDEUR,1.1228,1.1301,1.1184,1.1255,0,0,0,1,FX,NFX
06-Dec-2001,USDEUR,1.1255,1.1278,1.1169,1.1174,0,0,0,1,FX,NFX
07-Dec-2001,USDEUR,1.1178,1.1253,1.1171,1.1237,0,0,0,1,FX,NFX
10-Dec-2001,USDEUR,1.1225,1.1306,1.1216,1.1225,0,0,0,1,FX,NFX
11-Dec-2001,USDEUR,1.1223,1.1252,1.1197,1.1199,0,0,0,1,FX,NFX
12-Dec-2001,USDEUR,1.1194,1.121,1.1128,1.113,0,0,0,1,FX,NFX
13-Dec-2001,USDEUR,1.113,1.1209,1.1123,1.1197,0,0,0,1,FX,NFX
14-Dec-2001,USDEUR,1.1193,1.1206,1.1047,1.107,0,0,0,1,FX,NFX
17-Dec-2001,USDEUR,1.106,1.1088,1.1013,1.1084,0,0,0,1,FX,NFX
18-Dec-2001,USDEUR,1.1082,1.1115,1.1061,1.1068,0,0,0,1,FX,NFX
19-Dec-2001,USDEUR,1.107,1.1166,1.1066,1.1101,0,0,0,1,FX,NFX
20-Dec-2001,USDEUR,1.1096,1.1154,1.1095,1.1111,0,0,0,1,FX,NFX
21-Dec-2001,USDEUR,1.1109,1.1289,1.1093,1.1254,0,0,0,1,FX,NFX
24-Dec-2001,USDEUR,1.1264,1.1415,1.1226,1.1398,0,0,0,1,FX,NFX
25-Dec-2001,USDEUR,1.1396,1.1407,1.1333,1.1406,0,0,0,1,FX,NFX
26-Dec-2001,USDEUR,1.1357,1.1406,1.134,1.1358,0,0,0,1,FX,NFX
27-Dec-2001,USDEUR,1.1353,1.1393,1.1275,1.1324,0,0,0,1,FX,NFX
28-Dec-2001,USDEUR,1.1324,1.1373,1.1287,1.1299,0,0,0,1,FX,NFX
31-Dec-2001,USDEUR,1.1305,1.133,1.1208,1.1236,0,0,0,1,FX,NFX
01-Jan-2002,USDEUR,1.1235,1.1255,1.1227,1.1244,0,0,0,1,FX,NFX
02-Jan-2002,USDEUR,1.1241,1.1249,1.1034,1.1067,0,0,0,1,FX,NFX
03-Jan-2002,USDEUR,1.106,1.1138,1.1035,1.1132,0,0,0,1,FX,NFX
04-Jan-2002,USDEUR,1.1125,1.1186,1.111,1.1179,0,0,0,1,FX,NFX
07-Jan-2002,USDEUR,1.1171,1.1254,1.1114,1.1191,0,0,0,1,FX,NFX
08-Jan-2002,USDEUR,1.1188,1.1255,1.1188,1.1196,0,0,0,1,FX,NFX
09-Jan-2002,USDEUR,1.1191,1.1277,1.1173,1.1221,0,0,0,1,FX,NFX
10-Jan-2002,USDEUR,1.1217,1.123,1.1189,1.1219,0,0,0,1,FX,NFX
11-Jan-2002,USDEUR,1.1215,1.1239,1.1196,1.1204,0,0,0,1,FX,NFX
14-Jan-2002,USDEUR,1.1206,1.1215,1.1173,1.1179,0,0,0,1,FX,NFX
15-Jan-2002,USDEUR,1.1176,1.1332,1.1176,1.133,0,0,0,1,FX,NFX
16-Jan-2002,USDEUR,1.1328,1.1362,1.1308,1.1335,0,0,0,1,FX,NFX
17-Jan-2002,USDEUR,1.1337,1.1377,1.1296,1.1346,0,0,0,1,FX,NFX
18-Jan-2002,USDEUR,1.1343,1.1367,1.1291,1.1307,0,0,0,1,FX,NFX
21-Jan-2002,USDEUR,1.131,1.133,1.1278,1.1315,0,0,0,1,FX,NFX
22-Jan-2002,USDEUR,1.1312,1.1348,1.1281,1.1283,0,0,0,1,FX,NFX
23-Jan-2002,USDEUR,1.1284,1.1402,1.1248,1.1384,0,0,0,1,FX,NFX
24-Jan-2002,USDEUR,1.1385,1.1423,1.1376,1.139,0,0,0,1,FX,NFX
25-Jan-2002,USDEUR,1.1385,1.1584,1.1382,1.1546,0,0,0,1,FX,NFX
28-Jan-2002,USDEUR,1.1559,1.1662,1.1543,1.16,0,0,0,1,FX,NFX
29-Jan-2002,USDEUR,1.1594,1.1635,1.1551,1.1551,0,0,0,1,FX,NFX
30-Jan-2002,USDEUR,1.1549,1.1625,1.1528,1.161,0,0,0,1,FX,NFX
31-Jan-2002,USDEUR,1.1609,1.1656,1.1568,1.1649,0,0,0,1,FX,NFX
01-Feb-2002,USDEUR,1.1644,1.1673,1.1573,1.1603,0,0,0,1,FX,NFX
04-Feb-2002,USDEUR,1.1599,1.1618,1.1479,1.1486,0,0,0,1,FX,NFX
05-Feb-2002,USDEUR,1.1485,1.1555,1.1457,1.1537,0,0,0,1,FX,NFX
06-Feb-2002,USDEUR,1.153,1.158,1.1488,1.1523,0,0,0,1,FX,NFX
07-Feb-2002,USDEUR,1.1519,1.1563,1.1472,1.1487,0,0,0,1,FX,NFX
08-Feb-2002,USDEUR,1.1486,1.1494,1.1427,1.1455,0,0,0,1,FX,NFX
11-Feb-2002,USDEUR,1.1466,1.1559,1.1365,1.1406,0,0,0,1,FX,NFX
12-Feb-2002,USDEUR,1.1407,1.144,1.1364,1.14,0,0,0,1,FX,NFX
13-Feb-2002,USDEUR,1.1399,1.149,1.1399,1.1476,0,0,0,1,FX,NFX
14-Feb-2002,USDEUR,1.1473,1.1518,1.1434,1.1443,0,0,0,1,FX,NFX
15-Feb-2002,USDEUR,1.1442,1.1499,1.1438,1.1446,0,0,0,1,FX,NFX
18-Feb-2002,USDEUR,1.145,1.1489,1.144,1.1486,0,0,0,1,FX,NFX
19-Feb-2002,USDEUR,1.1484,1.1538,1.1389,1.1406,0,0,0,1,FX,NFX
20-Feb-2002,USDEUR,1.1403,1.1508,1.1389,1.1503,0,0,0,1,FX,NFX
21-Feb-2002,USDEUR,1.1496,1.1516,1.1468,1.1494,0,0,0,1,FX,NFX
22-Feb-2002,USDEUR,1.1492,1.152,1.1399,1.1419,0,0,0,1,FX,NFX
25-Feb-2002,USDEUR,1.1386,1.1508,1.1386,1.1507,0,0,0,1,FX,NFX
26-Feb-2002,USDEUR,1.1506,1.1604,1.1468,1.1575,0,0,0,1,FX,NFX
27-Feb-2002,USDEUR,1.1572,1.1589,1.1541,1.1553,0,0,0,1,FX,NFX
28-Feb-2002,USDEUR,1.155,1.1592,1.1496,1.1507,0,0,0,1,FX,NFX
01-Mar-2002,USDEUR,1.1497,1.1582,1.1497,1.1555,0,0,0,1,FX,NFX
04-Mar-2002,USDEUR,1.1564,1.1581,1.1477,1.1499,0,0,0,1,FX,NFX
05-Mar-2002,USDEUR,1.1502,1.1555,1.146,1.1469,0,0,0,1,FX,NFX
06-Mar-2002,USDEUR,1.1469,1.1502,1.1399,1.1407,0,0,0,1,FX,NFX
07-Mar-2002,USDEUR,1.1405,1.1438,1.1314,1.1344,0,0,0,1,FX,NFX
08-Mar-2002,USDEUR,1.1342,1.1463,1.134,1.144,0,0,0,1,FX,NFX
11-Mar-2002,USDEUR,1.1438,1.1448,1.1402,1.1426,0,0,0,1,FX,NFX
12-Mar-2002,USDEUR,1.1421,1.1484,1.1405,1.1413,0,0,0,1,FX,NFX
13-Mar-2002,USDEUR,1.1414,1.1457,1.1387,1.1419,0,0,0,1,FX,NFX
14-Mar-2002,USDEUR,1.1416,1.1422,1.1308,1.133,0,0,0,1,FX,NFX
15-Mar-2002,USDEUR,1.133,1.1349,1.1278,1.1332,0,0,0,1,FX,NFX
18-Mar-2002,USDEUR,1.1331,1.1386,1.1324,1.1328,0,0,0,1,FX,NFX
19-Mar-2002,USDEUR,1.1326,1.1365,1.1307,1.1332,0,0,0,1,FX,NFX
20-Mar-2002,USDEUR,1.1327,1.1379,1.1227,1.1294,0,0,0,1,FX,NFX
21-Mar-2002,USDEUR,1.1289,1.1354,1.1287,1.1334,0,0,0,1,FX,NFX
22-Mar-2002,USDEUR,1.133,1.1426,1.1327,1.1397,0,0,0,1,FX,NFX
25-Mar-2002,USDEUR,1.1401,1.142,1.1388,1.1402,0,0,0,1,FX,NFX
26-Mar-2002,USDEUR,1.1395,1.1449,1.1372,1.1399,0,0,0,1,FX,NFX
27-Mar-2002,USDEUR,1.1401,1.1466,1.14,1.1459,0,0,0,1,FX,NFX
28-Mar-2002,USDEUR,1.1458,1.1491,1.144,1.1486,0,0,0,1,FX,NFX
29-Mar-2002,USDEUR,1.1484,1.149,1.1459,1.1471,0,0,0,1,FX,NFX
01-Apr-2002,USDEUR,1.147,1.1474,1.1338,1.1356,0,0,0,1,FX,NFX
02-Apr-2002,USDEUR,1.1353,1.1395,1.1346,1.1374,0,0,0,1,FX,NFX
03-Apr-2002,USDEUR,1.137,1.1397,1.1328,1.135,0,0,0,1,FX,NFX
04-Apr-2002,USDEUR,1.1349,1.1407,1.1293,1.1386,0,0,0,1,FX,NFX
05-Apr-2002,USDEUR,1.1382,1.1397,1.1348,1.1381,0,0,0,1,FX,NFX
08-Apr-2002,USDEUR,1.1384,1.1444,1.1368,1.1428,0,0,0,1,FX,NFX
09-Apr-2002,USDEUR,1.143,1.1448,1.1351,1.1356,0,0,0,1,FX,NFX
10-Apr-2002,USDEUR,1.135,1.1378,1.1331,1.1362,0,0,0,1,FX,NFX
11-Apr-2002,USDEUR,1.1357,1.1383,1.1306,1.1326,0,0,0,1,FX,NFX
12-Apr-2002,USDEUR,1.1322,1.1392,1.1322,1.1373,0,0,0,1,FX,NFX
15-Apr-2002,USDEUR,1.1366,1.1377,1.1334,1.137,0,0,0,1,FX,NFX
16-Apr-2002,USDEUR,1.1369,1.1375,1.1315,1.1325,0,0,0,1,FX,NFX
17-Apr-2002,USDEUR,1.1324,1.1339,1.1224,1.1227,0,0,0,1,FX,NFX
18-Apr-2002,USDEUR,1.1225,1.1289,1.1211,1.1221,0,0,0,1,FX,NFX
19-Apr-2002,USDEUR,1.1221,1.1259,1.1204,1.1211,0,0,0,1,FX,NFX
22-Apr-2002,USDEUR,1.1218,1.1275,1.1218,1.1243,0,0,0,1,FX,NFX
23-Apr-2002,USDEUR,1.1241,1.1287,1.1232,1.1251,0,0,0,1,FX,NFX
24-Apr-2002,USDEUR,1.1247,1.1268,1.1199,1.1199,0,0,0,1,FX,NFX
25-Apr-2002,USDEUR,1.1196,1.1215,1.1123,1.114,0,0,0,1,FX,NFX
26-Apr-2002,USDEUR,1.1136,1.1158,1.1085,1.1087,0,0,0,1,FX,NFX
29-Apr-2002,USDEUR,1.1092,1.1099,1.1058,1.1066,0,0,0,1,FX,NFX
30-Apr-2002,USDEUR,1.1063,1.112,1.105,1.111,0,0,0,1,FX,NFX
01-May-2002,USDEUR,1.1107,1.1121,1.1007,1.104,0,0,0,1,FX,NFX
02-May-2002,USDEUR,1.1032,1.1094,1.1015,1.1071,0,0,0,1,FX,NFX
03-May-2002,USDEUR,1.1069,1.1078,1.0905,1.0905,0,0,0,1,FX,NFX
06-May-2002,USDEUR,1.0903,1.0944,1.0886,1.0894,0,0,0,1,FX,NFX
07-May-2002,USDEUR,1.0887,1.0968,1.0883,1.0924,0,0,0,1,FX,NFX
08-May-2002,USDEUR,1.0923,1.1063,1.0923,1.1061,0,0,0,1,FX,NFX
09-May-2002,USDEUR,1.1057,1.1063,1.0976,1.0997,0,0,0,1,FX,NFX
10-May-2002,USDEUR,1.0994,1.1005,1.0933,1.0941,0,0,0,1,FX,NFX
13-May-2002,USDEUR,1.095,1.0993,1.091,1.0974,0,0,0,1,FX,NFX
14-May-2002,USDEUR,1.097,1.1093,1.0964,1.108,0,0,0,1,FX,NFX
15-May-2002,USDEUR,1.1075,1.1117,1.0958,1.0958,0,0,0,1,FX,NFX
16-May-2002,USDEUR,1.0956,1.1004,1.0939,1.0966,0,0,0,1,FX,NFX
17-May-2002,USDEUR,1.0964,1.0975,1.0847,1.0862,0,0,0,1,FX,NFX
20-May-2002,USDEUR,1.0863,1.089,1.0835,1.0859,0,0,0,1,FX,NFX
21-May-2002,USDEUR,1.0853,1.0913,1.0848,1.0872,0,0,0,1,FX,NFX
22-May-2002,USDEUR,1.0868,1.0893,1.0781,1.0801,0,0,0,1,FX,NFX
23-May-2002,USDEUR,1.0811,1.0889,1.0791,1.0853,0,0,0,1,FX,NFX
24-May-2002,USDEUR,1.0851,1.0908,1.0836,1.0858,0,0,0,1,FX,NFX
27-May-2002,USDEUR,1.0883,1.0888,1.0843,1.0861,0,0,0,1,FX,NFX
28-May-2002,USDEUR,1.0859,1.087,1.0748,1.0771,0,0,0,1,FX,NFX
29-May-2002,USDEUR,1.0763,1.0785,1.0668,1.0689,0,0,0,1,FX,NFX
30-May-2002,USDEUR,1.0687,1.0701,1.062,1.0671,0,0,0,1,FX,NFX
31-May-2002,USDEUR,1.0671,1.0772,1.0635,1.0709,0,0,0,1,FX,NFX
03-Jun-2002,USDEUR,1.0696,1.0746,1.0625,1.0631,0,0,0,1,FX,NFX
04-Jun-2002,USDEUR,1.0625,1.0645,1.0582,1.0643,0,0,0,1,FX,NFX
05-Jun-2002,USDEUR,1.0645,1.0689,1.0614,1.0648,0,0,0,1,FX,NFX
06-Jun-2002,USDEUR,1.0644,1.0709,1.0552,1.0552,0,0,0,1,FX,NFX
07-Jun-2002,USDEUR,1.0549,1.0608,1.054,1.0599,0,0,0,1,FX,NFX
10-Jun-2002,USDEUR,1.0594,1.0648,1.0548,1.0589,0,0,0,1,FX,NFX
11-Jun-2002,USDEUR,1.0584,1.0629,1.0534,1.0542,0,0,0,1,FX,NFX
12-Jun-2002,USDEUR,1.0543,1.0608,1.0523,1.0597,0,0,0,1,FX,NFX
13-Jun-2002,USDEUR,1.0591,1.0641,1.0557,1.0601,0,0,0,1,FX,NFX
14-Jun-2002,USDEUR,1.0596,1.0621,1.0503,1.0577,0,0,0,1,FX,NFX
17-Jun-2002,USDEUR,1.0577,1.0623,1.0564,1.059,0,0,0,1,FX,NFX
18-Jun-2002,USDEUR,1.0588,1.0595,1.0505,1.0507,0,0,0,1,FX,NFX
19-Jun-2002,USDEUR,1.0503,1.0507,1.0439,1.0448,0,0,0,1,FX,NFX
20-Jun-2002,USDEUR,1.0443,1.0463,1.0344,1.0361,0,0,0,1,FX,NFX
21-Jun-2002,USDEUR,1.0359,1.0381,1.0292,1.0294,0,0,0,1,FX,NFX
24-Jun-2002,USDEUR,1.0306,1.0325,1.0191,1.0306,0,0,0,1,FX,NFX
25-Jun-2002,USDEUR,1.0307,1.0348,1.0209,1.0211,0,0,0,1,FX,NFX
26-Jun-2002,USDEUR,1.0208,1.0214,1.006,1.0203,0,0,0,1,FX,NFX
27-Jun-2002,USDEUR,1.02,1.02,1.0104,1.0113,0,0,0,1,FX,NFX
28-Jun-2002,USDEUR,1.0113,1.0158,1.0013,1.0082,0,0,0,1,FX,NFX
01-Jul-2002,USDEUR,1.0086,1.0136,1.003,1.0086,0,0,0,1,FX,NFX
02-Jul-2002,USDEUR,1.0085,1.0202,1.0083,1.014,0,0,0,1,FX,NFX
03-Jul-2002,USDEUR,1.0134,1.0238,1.0131,1.0196,0,0,0,1,FX,NFX
04-Jul-2002,USDEUR,1.0198,1.0255,1.0186,1.0209,0,0,0,1,FX,NFX
05-Jul-2002,USDEUR,1.0208,1.029,1.0208,1.0277,0,0,0,1,FX,NFX
08-Jul-2002,USDEUR,1.0273,1.0276,1.0123,1.0123,0,0,0,1,FX,NFX
09-Jul-2002,USDEUR,1.0091,1.013,1.005,1.0065,0,0,0,1,FX,NFX
10-Jul-2002,USDEUR,1.0061,1.0132,1.0034,1.0108,0,0,0,1,FX,NFX
11-Jul-2002,USDEUR,1.0111,1.0166,1.0064,1.0107,0,0,0,1,FX,NFX
12-Jul-2002,USDEUR,1.0107,1.0147,1.0082,1.0086,0,0,0,1,FX,NFX
15-Jul-2002,USDEUR,1.0046,1.0069,0.9913,0.9961,0,0,0,1,FX,NFX
16-Jul-2002,USDEUR,0.9961,0.9972,0.9857,0.9878,0,0,0,1,FX,NFX
17-Jul-2002,USDEUR,0.988,0.9965,0.9844,0.9928,0,0,0,1,FX,NFX
18-Jul-2002,USDEUR,0.9928,0.9957,0.9887,0.9888,0,0,0,1,FX,NFX
19-Jul-2002,USDEUR,0.9885,0.9895,0.9795,0.9878,0,0,0,1,FX,NFX
22-Jul-2002,USDEUR,0.9867,0.9942,0.9867,0.9917,0,0,0,1,FX,NFX
23-Jul-2002,USDEUR,0.9912,1.0145,0.9912,1.0114,0,0,0,1,FX,NFX
24-Jul-2002,USDEUR,1.0111,1.0128,1.0024,1.0047,0,0,0,1,FX,NFX
25-Jul-2002,USDEUR,1.0044,1.0058,0.9954,0.9954,0,0,0,1,FX,NFX
26-Jul-2002,USDEUR,0.9951,1.0138,0.9934,1.0129,0,0,0,1,FX,NFX
29-Jul-2002,USDEUR,1.0126,1.0232,1.0116,1.0196,0,0,0,1,FX,NFX
30-Jul-2002,USDEUR,1.0194,1.0225,1.0112,1.0169,0,0,0,1,FX,NFX
31-Jul-2002,USDEUR,1.0166,1.0244,1.0148,1.0228,0,0,0,1,FX,NFX
01-Aug-2002,USDEUR,1.0229,1.0279,1.0147,1.0208,0,0,0,1,FX,NFX
02-Aug-2002,USDEUR,1.0154,1.0194,1.0086,1.0135,0,0,0,1,FX,NFX
05-Aug-2002,USDEUR,1.0124,1.0203,1.0124,1.0203,0,0,0,1,FX,NFX
06-Aug-2002,USDEUR,1.0197,1.039,1.0194,1.0344,0,0,0,1,FX,NFX
07-Aug-2002,USDEUR,1.0346,1.0368,1.0244,1.0256,0,0,0,1,FX,NFX
08-Aug-2002,USDEUR,1.0255,1.0369,1.0234,1.0339,0,0,0,1,FX,NFX
09-Aug-2002,USDEUR,1.0335,1.0357,1.0269,1.0303,0,0,0,1,FX,NFX
12-Aug-2002,USDEUR,1.0274,1.0314,1.0206,1.0215,0,0,0,1,FX,NFX
13-Aug-2002,USDEUR,1.0212,1.025,1.0168,1.0168,0,0,0,1,FX,NFX
14-Aug-2002,USDEUR,1.0158,1.022,1.0109,1.0205,0,0,0,1,FX,NFX
15-Aug-2002,USDEUR,1.0205,1.0255,1.0155,1.0182,0,0,0,1,FX,NFX
16-Aug-2002,USDEUR,1.0182,1.0218,1.0138,1.0152,0,0,0,1,FX,NFX
19-Aug-2002,USDEUR,1.0161,1.0254,1.0133,1.0241,0,0,0,1,FX,NFX
20-Aug-2002,USDEUR,1.024,1.0278,1.0198,1.021,0,0,0,1,FX,NFX
21-Aug-2002,USDEUR,1.0209,1.0252,1.0157,1.0197,0,0,0,1,FX,NFX
22-Aug-2002,USDEUR,1.0195,1.0332,1.0192,1.0317,0,0,0,1,FX,NFX
23-Aug-2002,USDEUR,1.0317,1.0345,1.0276,1.0276,0,0,0,1,FX,NFX
26-Aug-2002,USDEUR,1.0281,1.0322,1.0269,1.0286,0,0,0,1,FX,NFX
27-Aug-2002,USDEUR,1.0289,1.0304,1.0166,1.017,0,0,0,1,FX,NFX
28-Aug-2002,USDEUR,1.0168,1.0212,1.0168,1.0212,0,0,0,1,FX,NFX
29-Aug-2002,USDEUR,1.0209,1.0228,1.0118,1.0154,0,0,0,1,FX,NFX
30-Aug-2002,USDEUR,1.015,1.0208,1.014,1.018,0,0,0,1,FX,NFX
02-Sep-2002,USDEUR,1.0176,1.0204,1.0148,1.0174,0,0,0,1,FX,NFX
03-Sep-2002,USDEUR,1.0163,1.0169,1.0026,1.003,0,0,0,1,FX,NFX
04-Sep-2002,USDEUR,1.0025,1.0094,1.0025,1.0073,0,0,0,1,FX,NFX
05-Sep-2002,USDEUR,1.0067,1.011,1.0012,1.0083,0,0,0,1,FX,NFX
06-Sep-2002,USDEUR,1.008,1.0196,1.0048,1.0185,0,0,0,1,FX,NFX
09-Sep-2002,USDEUR,1.0184,1.0221,1.0175,1.0211,0,0,0,1,FX,NFX
10-Sep-2002,USDEUR,1.0207,1.0282,1.0164,1.0249,0,0,0,1,FX,NFX
11-Sep-2002,USDEUR,1.025,1.0306,1.0238,1.024,0,0,0,1,FX,NFX
12-Sep-2002,USDEUR,1.0241,1.0265,1.0181,1.0185,0,0,0,1,FX,NFX
13-Sep-2002,USDEUR,1.0182,1.0299,1.0167,1.0294,0,0,0,1,FX,NFX
16-Sep-2002,USDEUR,1.0192,1.0343,1.0192,1.0314,0,0,0,1,FX,NFX
17-Sep-2002,USDEUR,1.0315,1.0403,1.026,1.026,0,0,0,1,FX,NFX
18-Sep-2002,USDEUR,1.0257,1.0321,1.0211,1.0229,0,0,0,1,FX,NFX
19-Sep-2002,USDEUR,1.0222,1.0241,1.0132,1.0136,0,0,0,1,FX,NFX
20-Sep-2002,USDEUR,1.0134,1.022,1.0127,1.018,0,0,0,1,FX,NFX
23-Sep-2002,USDEUR,1.0215,1.0253,1.0142,1.0224,0,0,0,1,FX,NFX
24-Sep-2002,USDEUR,1.0221,1.0245,1.0168,1.0189,0,0,0,1,FX,NFX
25-Sep-2002,USDEUR,1.0188,1.0246,1.0152,1.0241,0,0,0,1,FX,NFX
26-Sep-2002,USDEUR,1.0239,1.0277,1.0198,1.0238,0,0,0,1,FX,NFX
27-Sep-2002,USDEUR,1.0241,1.0254,1.0193,1.0195,0,0,0,1,FX,NFX
30-Sep-2002,USDEUR,1.0194,1.0196,1.0103,1.0126,0,0,0,1,FX,NFX
01-Oct-2002,USDEUR,1.0123,1.0176,1.011,1.0174,0,0,0,1,FX,NFX
02-Oct-2002,USDEUR,1.0175,1.0192,1.0131,1.0133,0,0,0,1,FX,NFX
03-Oct-2002,USDEUR,1.0131,1.0142,1.0094,1.0124,0,0,0,1,FX,NFX
04-Oct-2002,USDEUR,1.012,1.022,1.0116,1.0209,0,0,0,1,FX,NFX
07-Oct-2002,USDEUR,1.0204,1.0223,1.0175,1.0189,0,0,0,1,FX,NFX
08-Oct-2002,USDEUR,1.0165,1.0238,1.016,1.0216,0,0,0,1,FX,NFX
09-Oct-2002,USDEUR,1.0214,1.0223,1.0089,1.0104,0,0,0,1,FX,NFX
10-Oct-2002,USDEUR,1.0103,1.0152,1.0075,1.0138,0,0,0,1,FX,NFX
11-Oct-2002,USDEUR,1.0135,1.0167,1.0125,1.013,0,0,0,1,FX,NFX
14-Oct-2002,USDEUR,1.0109,1.0147,1.0109,1.0131,0,0,0,1,FX,NFX
15-Oct-2002,USDEUR,1.0125,1.021,1.0117,1.0186,0,0,0,1,FX,NFX
16-Oct-2002,USDEUR,1.0185,1.0201,1.0168,1.0183,0,0,0,1,FX,NFX
17-Oct-2002,USDEUR,1.0187,1.0312,1.0187,1.0307,0,0,0,1,FX,NFX
18-Oct-2002,USDEUR,1.0299,1.0311,1.0266,1.0284,0,0,0,1,FX,NFX
21-Oct-2002,USDEUR,1.0286,1.0322,1.0245,1.0275,0,0,0,1,FX,NFX
22-Oct-2002,USDEUR,1.0272,1.0286,1.0206,1.0229,0,0,0,1,FX,NFX
23-Oct-2002,USDEUR,1.0226,1.0257,1.021,1.024,0,0,0,1,FX,NFX
24-Oct-2002,USDEUR,1.0238,1.028,1.0223,1.0224,0,0,0,1,FX,NFX
25-Oct-2002,USDEUR,1.0222,1.0248,1.0209,1.0246,0,0,0,1,FX,NFX
28-Oct-2002,USDEUR,1.024,1.028,1.0155,1.0156,0,0,0,1,FX,NFX
29-Oct-2002,USDEUR,1.0153,1.0193,1.0137,1.0176,0,0,0,1,FX,NFX
30-Oct-2002,USDEUR,1.0167,1.0185,1.0151,1.0165,0,0,0,1,FX,NFX
31-Oct-2002,USDEUR,1.0162,1.0166,1.0092,1.0095,0,0,0,1,FX,NFX
01-Nov-2002,USDEUR,1.0095,1.0111,0.9999,1.0035,0,0,0,1,FX,NFX
04-Nov-2002,USDEUR,1.0089,1.0089,1.0021,1.0021,0,0,0,1,FX,NFX
05-Nov-2002,USDEUR,1.0017,1.0029,0.996,1,0,0,0,1,FX,NFX
06-Nov-2002,USDEUR,0.9998,1.0056,0.9954,0.9963,0,0,0,1,FX,NFX
07-Nov-2002,USDEUR,0.9964,1.0006,0.9903,0.9907,0,0,0,1,FX,NFX
08-Nov-2002,USDEUR,0.9906,0.9924,0.9857,0.9872,0,0,0,1,FX,NFX
11-Nov-2002,USDEUR,0.987,0.9903,0.9833,0.9895,0,0,0,1,FX,NFX
12-Nov-2002,USDEUR,0.9896,0.9931,0.9866,0.9876,0,0,0,1,FX,NFX
13-Nov-2002,USDEUR,0.9873,0.9953,0.987,0.9918,0,0,0,1,FX,NFX
14-Nov-2002,USDEUR,0.9917,0.9969,0.9901,0.9958,0,0,0,1,FX,NFX
15-Nov-2002,USDEUR,0.996,0.9987,0.9901,0.9901,0,0,0,1,FX,NFX
18-Nov-2002,USDEUR,0.9907,0.9939,0.9879,0.9912,0,0,0,1,FX,NFX
19-Nov-2002,USDEUR,0.9909,0.9988,0.9859,0.9961,0,0,0,1,FX,NFX
20-Nov-2002,USDEUR,0.9968,1.001,0.9954,0.9981,0,0,0,1,FX,NFX
21-Nov-2002,USDEUR,0.998,1.0021,0.996,0.9981,0,0,0,1,FX,NFX
22-Nov-2002,USDEUR,0.9977,1.0038,0.9966,1.0032,0,0,0,1,FX,NFX
25-Nov-2002,USDEUR,1.0047,1.0108,1.0031,1.0079,0,0,0,1,FX,NFX
26-Nov-2002,USDEUR,1.0077,1.0108,1.0063,1.0065,0,0,0,1,FX,NFX
27-Nov-2002,USDEUR,1.0067,1.0126,1.0058,1.0095,0,0,0,1,FX,NFX
28-Nov-2002,USDEUR,1.0096,1.0108,1.0044,1.0063,0,0,0,1,FX,NFX
29-Nov-2002,USDEUR,1.0062,1.0086,1.0046,1.0052,0,0,0,1,FX,NFX
02-Dec-2002,USDEUR,1.0056,1.0142,1.0017,1.0028,0,0,0,1,FX,NFX
03-Dec-2002,USDEUR,1.0029,1.0049,0.9992,1.0035,0,0,0,1,FX,NFX
04-Dec-2002,USDEUR,1.0033,1.0036,0.997,0.9996,0,0,0,1,FX,NFX
05-Dec-2002,USDEUR,0.9992,1.0029,0.998,0.9992,0,0,0,1,FX,NFX
06-Dec-2002,USDEUR,0.9996,1.0003,0.9881,0.9905,0,0,0,1,FX,NFX
09-Dec-2002,USDEUR,0.9909,0.9931,0.9883,0.9898,0,0,0,1,FX,NFX
10-Dec-2002,USDEUR,0.9892,0.9929,0.986,0.9922,0,0,0,1,FX,NFX
11-Dec-2002,USDEUR,0.992,0.994,0.9899,0.9916,0,0,0,1,FX,NFX
12-Dec-2002,USDEUR,0.9917,0.9926,0.9808,0.9819,0,0,0,1,FX,NFX
13-Dec-2002,USDEUR,0.9818,0.9837,0.9748,0.9767,0,0,0,1,FX,NFX
16-Dec-2002,USDEUR,0.9769,0.9809,0.9758,0.9778,0,0,0,1,FX,NFX
17-Dec-2002,USDEUR,0.9777,0.9795,0.9677,0.9722,0,0,0,1,FX,NFX
18-Dec-2002,USDEUR,0.9729,0.9779,0.9721,0.9738,0,0,0,1,FX,NFX
19-Dec-2002,USDEUR,0.9729,0.9796,0.9719,0.9734,0,0,0,1,FX,NFX
20-Dec-2002,USDEUR,0.9732,0.9764,0.9731,0.9736,0,0,0,1,FX,NFX
23-Dec-2002,USDEUR,0.9732,0.9788,0.9694,0.9742,0,0,0,1,FX,NFX
24-Dec-2002,USDEUR,0.974,0.9752,0.9686,0.9707,0,0,0,1,FX,NFX
25-Dec-2002,USDEUR,0.9708,0.9727,0.9683,0.9691,0,0,0,1,FX,NFX
26-Dec-2002,USDEUR,0.9688,0.9692,0.9634,0.9637,0,0,0,1,FX,NFX
27-Dec-2002,USDEUR,0.9636,0.9653,0.9577,0.958,0,0,0,1,FX,NFX
30-Dec-2002,USDEUR,0.9588,0.9609,0.9529,0.9532,0,0,0,1,FX,NFX
31-Dec-2002,USDEUR,0.9537,0.9565,0.9519,0.9527,0,0,0,1,FX,NFX
01-Jan-2003,USDEUR,0.9534,0.9553,0.9522,0.953,0,0,0,1,FX,NFX
02-Jan-2003,USDEUR,0.9527,0.9668,0.9527,0.9654,0,0,0,1,FX,NFX
03-Jan-2003,USDEUR,0.9657,0.9669,0.9581,0.9589,0,0,0,1,FX,NFX
06-Jan-2003,USDEUR,0.9593,0.9593,0.9529,0.9557,0,0,0,1,FX,NFX
07-Jan-2003,USDEUR,0.9556,0.9618,0.9554,0.9605,0,0,0,1,FX,NFX
08-Jan-2003,USDEUR,0.9607,0.9651,0.949,0.9527,0,0,0,1,FX,NFX
09-Jan-2003,USDEUR,0.9525,0.9557,0.9489,0.9535,0,0,0,1,FX,NFX
10-Jan-2003,USDEUR,0.9534,0.9547,0.9447,0.9457,0,0,0,1,FX,NFX
13-Jan-2003,USDEUR,0.9454,0.9498,0.9448,0.9487,0,0,0,1,FX,NFX
14-Jan-2003,USDEUR,0.9489,0.9494,0.9436,0.9476,0,0,0,1,FX,NFX
15-Jan-2003,USDEUR,0.9475,0.9518,0.944,0.9472,0,0,0,1,FX,NFX
16-Jan-2003,USDEUR,0.9466,0.9483,0.9409,0.9416,0,0,0,1,FX,NFX
17-Jan-2003,USDEUR,0.9419,0.9431,0.9364,0.9373,0,0,0,1,FX,NFX
20-Jan-2003,USDEUR,0.9386,0.9405,0.9349,0.9365,0,0,0,1,FX,NFX
21-Jan-2003,USDEUR,0.9365,0.9405,0.9316,0.9318,0,0,0,1,FX,NFX
22-Jan-2003,USDEUR,0.9326,0.9358,0.9306,0.9317,0,0,0,1,FX,NFX
23-Jan-2003,USDEUR,0.9323,0.9341,0.928,0.9305,0,0,0,1,FX,NFX
24-Jan-2003,USDEUR,0.9307,0.9311,0.9212,0.9232,0,0,0,1,FX,NFX
27-Jan-2003,USDEUR,0.9227,0.9274,0.9167,0.9213,0,0,0,1,FX,NFX
28-Jan-2003,USDEUR,0.9216,0.9274,0.9214,0.9236,0,0,0,1,FX,NFX
29-Jan-2003,USDEUR,0.924,0.9251,0.9174,0.9224,0,0,0,1,FX,NFX
30-Jan-2003,USDEUR,0.9223,0.9316,0.9222,0.9238,0,0,0,1,FX,NFX
31-Jan-2003,USDEUR,0.9235,0.9323,0.9232,0.9285,0,0,0,1,FX,NFX
03-Feb-2003,USDEUR,0.9266,0.9349,0.9265,0.9275,0,0,0,1,FX,NFX
04-Feb-2003,USDEUR,0.9274,0.929,0.917,0.9183,0,0,0,1,FX,NFX
05-Feb-2003,USDEUR,0.9194,0.9311,0.9144,0.9275,0,0,0,1,FX,NFX
06-Feb-2003,USDEUR,0.9274,0.9286,0.9204,0.9234,0,0,0,1,FX,NFX
07-Feb-2003,USDEUR,0.9231,0.9316,0.9214,0.9237,0,0,0,1,FX,NFX
10-Feb-2003,USDEUR,0.9245,0.9322,0.9234,0.9321,0,0,0,1,FX,NFX
11-Feb-2003,USDEUR,0.9323,0.9373,0.9294,0.9314,0,0,0,1,FX,NFX
12-Feb-2003,USDEUR,0.9315,0.9341,0.9285,0.9338,0,0,0,1,FX,NFX
13-Feb-2003,USDEUR,0.9337,0.9342,0.9208,0.9232,0,0,0,1,FX,NFX
14-Feb-2003,USDEUR,0.923,0.929,0.9214,0.9266,0,0,0,1,FX,NFX
17-Feb-2003,USDEUR,0.9288,0.9365,0.9278,0.9325,0,0,0,1,FX,NFX
18-Feb-2003,USDEUR,0.9328,0.9364,0.9296,0.9355,0,0,0,1,FX,NFX
19-Feb-2003,USDEUR,0.9353,0.9375,0.9288,0.9304,0,0,0,1,FX,NFX
20-Feb-2003,USDEUR,0.9305,0.9308,0.9227,0.9238,0,0,0,1,FX,NFX
21-Feb-2003,USDEUR,0.9236,0.9302,0.922,0.9283,0,0,0,1,FX,NFX
24-Feb-2003,USDEUR,0.9327,0.9339,0.9254,0.9261,0,0,0,1,FX,NFX
25-Feb-2003,USDEUR,0.926,0.9305,0.9241,0.9295,0,0,0,1,FX,NFX
26-Feb-2003,USDEUR,0.929,0.9319,0.9251,0.9276,0,0,0,1,FX,NFX
27-Feb-2003,USDEUR,0.9272,0.9315,0.9228,0.9308,0,0,0,1,FX,NFX
28-Feb-2003,USDEUR,0.9307,0.9315,0.9253,0.9261,0,0,0,1,FX,NFX
03-Mar-2003,USDEUR,0.9281,0.9285,0.9173,0.9179,0,0,0,1,FX,NFX
04-Mar-2003,USDEUR,0.9181,0.9194,0.9144,0.9184,0,0,0,1,FX,NFX
05-Mar-2003,USDEUR,0.9185,0.9185,0.9093,0.9123,0,0,0,1,FX,NFX
06-Mar-2003,USDEUR,0.9122,0.9144,0.9083,0.9113,0,0,0,1,FX,NFX
07-Mar-2003,USDEUR,0.9112,0.9119,0.9035,0.9082,0,0,0,1,FX,NFX
10-Mar-2003,USDEUR,0.9084,0.9089,0.9035,0.9055,0,0,0,1,FX,NFX
11-Mar-2003,USDEUR,0.9044,0.9085,0.902,0.9053,0,0,0,1,FX,NFX
12-Mar-2003,USDEUR,0.9058,0.9103,0.9044,0.9093,0,0,0,1,FX,NFX
13-Mar-2003,USDEUR,0.9093,0.9278,0.9093,0.9274,0,0,0,1,FX,NFX
14-Mar-2003,USDEUR,0.9278,0.9351,0.9243,0.9306,0,0,0,1,FX,NFX
17-Mar-2003,USDEUR,0.9276,0.9437,0.9223,0.9414,0,0,0,1,FX,NFX
18-Mar-2003,USDEUR,0.9413,0.9485,0.9386,0.9404,0,0,0,1,FX,NFX
19-Mar-2003,USDEUR,0.9398,0.9475,0.9386,0.9468,0,0,0,1,FX,NFX
20-Mar-2003,USDEUR,0.9466,0.9492,0.9375,0.9422,0,0,0,1,FX,NFX
21-Mar-2003,USDEUR,0.9423,0.9523,0.9417,0.9493,0,0,0,1,FX,NFX
24-Mar-2003,USDEUR,0.9438,0.9464,0.9368,0.9401,0,0,0,1,FX,NFX
25-Mar-2003,USDEUR,0.9398,0.9404,0.9325,0.9387,0,0,0,1,FX,NFX
26-Mar-2003,USDEUR,0.9384,0.9413,0.9345,0.9349,0,0,0,1,FX,NFX
27-Mar-2003,USDEUR,0.9347,0.9365,0.9307,0.9347,0,0,0,1,FX,NFX
28-Mar-2003,USDEUR,0.9356,0.9373,0.9257,0.9275,0,0,0,1,FX,NFX
31-Mar-2003,USDEUR,0.9263,0.9276,0.9147,0.9156,0,0,0,1,FX,NFX
01-Apr-2003,USDEUR,0.916,0.9202,0.9154,0.9164,0,0,0,1,FX,NFX
02-Apr-2003,USDEUR,0.9135,0.9295,0.9124,0.9285,0,0,0,1,FX,NFX
03-Apr-2003,USDEUR,0.9287,0.9357,0.9267,0.9295,0,0,0,1,FX,NFX
04-Apr-2003,USDEUR,0.9294,0.9355,0.9286,0.9315,0,0,0,1,FX,NFX
07-Apr-2003,USDEUR,0.9374,0.9448,0.9345,0.9351,0,0,0,1,FX,NFX
08-Apr-2003,USDEUR,0.9348,0.9393,0.9323,0.9337,0,0,0,1,FX,NFX
09-Apr-2003,USDEUR,0.9336,0.9367,0.9275,0.9283,0,0,0,1,FX,NFX
10-Apr-2003,USDEUR,0.9284,0.9294,0.9234,0.9272,0,0,0,1,FX,NFX
11-Apr-2003,USDEUR,0.9268,0.9351,0.9267,0.9295,0,0,0,1,FX,NFX
14-Apr-2003,USDEUR,0.9307,0.9331,0.9283,0.9283,0,0,0,1,FX,NFX
15-Apr-2003,USDEUR,0.9283,0.9312,0.9241,0.9261,0,0,0,1,FX,NFX
16-Apr-2003,USDEUR,0.9258,0.9273,0.9158,0.9163,0,0,0,1,FX,NFX
17-Apr-2003,USDEUR,0.9164,0.9201,0.9114,0.9194,0,0,0,1,FX,NFX
18-Apr-2003,USDEUR,0.9197,0.92,0.9176,0.919,0,0,0,1,FX,NFX
21-Apr-2003,USDEUR,0.9184,0.9241,0.9166,0.9201,0,0,0,1,FX,NFX
22-Apr-2003,USDEUR,0.92,0.9217,0.9089,0.9116,0,0,0,1,FX,NFX
23-Apr-2003,USDEUR,0.9113,0.9155,0.9105,0.9114,0,0,0,1,FX,NFX
24-Apr-2003,USDEUR,0.9122,0.9137,0.9052,0.9062,0,0,0,1,FX,NFX
25-Apr-2003,USDEUR,0.9064,0.9123,0.9052,0.9061,0,0,0,1,FX,NFX
28-Apr-2003,USDEUR,0.9062,0.9111,0.903,0.9105,0,0,0,1,FX,NFX
29-Apr-2003,USDEUR,0.9103,0.9146,0.9022,0.9022,0,0,0,1,FX,NFX
30-Apr-2003,USDEUR,0.9032,0.904,0.8938,0.8948,0,0,0,1,FX,NFX
01-May-2003,USDEUR,0.8942,0.8963,0.8861,0.8898,0,0,0,1,FX,NFX
02-May-2003,USDEUR,0.89,0.8933,0.8872,0.8905,0,0,0,1,FX,NFX
05-May-2003,USDEUR,0.8903,0.8924,0.8847,0.8858,0,0,0,1,FX,NFX
06-May-2003,USDEUR,0.8855,0.8868,0.8731,0.875,0,0,0,1,FX,NFX
07-May-2003,USDEUR,0.8748,0.8827,0.874,0.8801,0,0,0,1,FX,NFX
08-May-2003,USDEUR,0.8801,0.8841,0.869,0.8697,0,0,0,1,FX,NFX
09-May-2003,USDEUR,0.8698,0.8741,0.8669,0.8702,0,0,0,1,FX,NFX
12-May-2003,USDEUR,0.8673,0.8678,0.8605,0.8648,0,0,0,1,FX,NFX
13-May-2003,USDEUR,0.865,0.8722,0.864,0.867,0,0,0,1,FX,NFX
14-May-2003,USDEUR,0.8679,0.8719,0.8666,0.87,0,0,0,1,FX,NFX
15-May-2003,USDEUR,0.8706,0.8789,0.8706,0.8784,0,0,0,1,FX,NFX
16-May-2003,USDEUR,0.8783,0.8793,0.8625,0.8629,0,0,0,1,FX,NFX
19-May-2003,USDEUR,0.8578,0.8602,0.8518,0.8586,0,0,0,1,FX,NFX
20-May-2003,USDEUR,0.8579,0.8618,0.8535,0.8542,0,0,0,1,FX,NFX
21-May-2003,USDEUR,0.8541,0.8589,0.8514,0.8588,0,0,0,1,FX,NFX
22-May-2003,USDEUR,0.8596,0.8605,0.8526,0.8546,0,0,0,1,FX,NFX
23-May-2003,USDEUR,0.855,0.8573,0.8448,0.845,0,0,0,1,FX,NFX
26-May-2003,USDEUR,0.8454,0.8472,0.8418,0.8423,0,0,0,1,FX,NFX
27-May-2003,USDEUR,0.8421,0.8468,0.8381,0.8459,0,0,0,1,FX,NFX
28-May-2003,USDEUR,0.8466,0.854,0.844,0.8498,0,0,0,1,FX,NFX
29-May-2003,USDEUR,0.85,0.8554,0.8397,0.8398,0,0,0,1,FX,NFX
30-May-2003,USDEUR,0.8403,0.8516,0.8393,0.8485,0,0,0,1,FX,NFX
02-Jun-2003,USDEUR,0.8537,0.8581,0.8498,0.8506,0,0,0,1,FX,NFX
03-Jun-2003,USDEUR,0.8509,0.8557,0.849,0.8522,0,0,0,1,FX,NFX
04-Jun-2003,USDEUR,0.8524,0.8596,0.8514,0.8591,0,0,0,1,FX,NFX
05-Jun-2003,USDEUR,0.859,0.8601,0.8415,0.8448,0,0,0,1,FX,NFX
06-Jun-2003,USDEUR,0.8448,0.8557,0.842,0.8549,0,0,0,1,FX,NFX
09-Jun-2003,USDEUR,0.8549,0.858,0.8486,0.854,0,0,0,1,FX,NFX
10-Jun-2003,USDEUR,0.8539,0.857,0.8519,0.8569,0,0,0,1,FX,NFX
11-Jun-2003,USDEUR,0.8567,0.8578,0.8489,0.8506,0,0,0,1,FX,NFX
12-Jun-2003,USDEUR,0.8509,0.8542,0.8469,0.8498,0,0,0,1,FX,NFX
13-Jun-2003,USDEUR,0.8497,0.852,0.842,0.8435,0,0,0,1,FX,NFX
16-Jun-2003,USDEUR,0.8423,0.8462,0.8383,0.846,0,0,0,1,FX,NFX
17-Jun-2003,USDEUR,0.8458,0.8498,0.8428,0.8488,0,0,0,1,FX,NFX
18-Jun-2003,USDEUR,0.8487,0.8573,0.8474,0.8555,0,0,0,1,FX,NFX
19-Jun-2003,USDEUR,0.8556,0.8632,0.8519,0.8531,0,0,0,1,FX,NFX
20-Jun-2003,USDEUR,0.8529,0.8653,0.8521,0.8621,0,0,0,1,FX,NFX
23-Jun-2003,USDEUR,0.8639,0.869,0.8619,0.8657,0,0,0,1,FX,NFX
24-Jun-2003,USDEUR,0.8652,0.8713,0.8637,0.8688,0,0,0,1,FX,NFX
25-Jun-2003,USDEUR,0.8691,0.8702,0.8606,0.8666,0,0,0,1,FX,NFX
26-Jun-2003,USDEUR,0.8668,0.8762,0.8662,0.8758,0,0,0,1,FX,NFX
27-Jun-2003,USDEUR,0.8752,0.8774,0.8722,0.8753,0,0,0,1,FX,NFX
30-Jun-2003,USDEUR,0.8747,0.8772,0.8683,0.8693,0,0,0,1,FX,NFX
01-Jul-2003,USDEUR,0.8691,0.8691,0.8617,0.8651,0,0,0,1,FX,NFX
02-Jul-2003,USDEUR,0.865,0.8692,0.8645,0.8665,0,0,0,1,FX,NFX
03-Jul-2003,USDEUR,0.8668,0.8747,0.8665,0.87,0,0,0,1,FX,NFX
04-Jul-2003,USDEUR,0.8699,0.8734,0.8694,0.8704,0,0,0,1,FX,NFX
07-Jul-2003,USDEUR,0.8713,0.8841,0.8712,0.8833,0,0,0,1,FX,NFX
08-Jul-2003,USDEUR,0.8839,0.8881,0.8811,0.884,0,0,0,1,FX,NFX
09-Jul-2003,USDEUR,0.8834,0.8844,0.88,0.8813,0,0,0,1,FX,NFX
10-Jul-2003,USDEUR,0.8812,0.8841,0.8779,0.8789,0,0,0,1,FX,NFX
11-Jul-2003,USDEUR,0.8793,0.8867,0.8784,0.8851,0,0,0,1,FX,NFX
14-Jul-2003,USDEUR,0.8865,0.8894,0.8843,0.8872,0,0,0,1,FX,NFX
15-Jul-2003,USDEUR,0.8863,0.8964,0.8821,0.8952,0,0,0,1,FX,NFX
16-Jul-2003,USDEUR,0.8951,0.9004,0.8903,0.8918,0,0,0,1,FX,NFX
17-Jul-2003,USDEUR,0.8918,0.8964,0.8891,0.8922,0,0,0,1,FX,NFX
18-Jul-2003,USDEUR,0.8925,0.895,0.8845,0.8872,0,0,0,1,FX,NFX
21-Jul-2003,USDEUR,0.8891,0.8893,0.8805,0.8806,0,0,0,1,FX,NFX
22-Jul-2003,USDEUR,0.8809,0.8842,0.8793,0.883,0,0,0,1,FX,NFX
23-Jul-2003,USDEUR,0.8828,0.8836,0.8703,0.8706,0,0,0,1,FX,NFX
24-Jul-2003,USDEUR,0.8706,0.8752,0.8687,0.8713,0,0,0,1,FX,NFX
25-Jul-2003,USDEUR,0.8714,0.8733,0.8659,0.8685,0,0,0,1,FX,NFX
28-Jul-2003,USDEUR,0.8695,0.873,0.8681,0.8698,0,0,0,1,FX,NFX
29-Jul-2003,USDEUR,0.8698,0.8742,0.8664,0.8738,0,0,0,1,FX,NFX
30-Jul-2003,USDEUR,0.8739,0.882,0.8728,0.8816,0,0,0,1,FX,NFX
31-Jul-2003,USDEUR,0.8811,0.8907,0.8795,0.8901,0,0,0,1,FX,NFX
01-Aug-2003,USDEUR,0.8902,0.8979,0.8857,0.887,0,0,0,1,FX,NFX
04-Aug-2003,USDEUR,0.8866,0.888,0.8792,0.8802,0,0,0,1,FX,NFX
05-Aug-2003,USDEUR,0.8799,0.8842,0.8772,0.8778,0,0,0,1,FX,NFX
06-Aug-2003,USDEUR,0.878,0.8828,0.8752,0.8824,0,0,0,1,FX,NFX
07-Aug-2003,USDEUR,0.8822,0.8833,0.8759,0.8793,0,0,0,1,FX,NFX
08-Aug-2003,USDEUR,0.8792,0.8858,0.8785,0.8842,0,0,0,1,FX,NFX
11-Aug-2003,USDEUR,0.885,0.8876,0.8787,0.88,0,0,0,1,FX,NFX
12-Aug-2003,USDEUR,0.8805,0.8866,0.8793,0.8861,0,0,0,1,FX,NFX
13-Aug-2003,USDEUR,0.8861,0.8911,0.8825,0.8834,0,0,0,1,FX,NFX
14-Aug-2003,USDEUR,0.883,0.8907,0.8818,0.8867,0,0,0,1,FX,NFX
15-Aug-2003,USDEUR,0.8878,0.8894,0.8874,0.8875,0,0,0,1,FX,NFX
18-Aug-2003,USDEUR,0.8878,0.8988,0.8874,0.897,0,0,0,1,FX,NFX
19-Aug-2003,USDEUR,0.8971,0.9044,0.8967,0.8978,0,0,0,1,FX,NFX
20-Aug-2003,USDEUR,0.8987,0.9023,0.8975,0.8992,0,0,0,1,FX,NFX
21-Aug-2003,USDEUR,0.8992,0.9182,0.8992,0.9155,0,0,0,1,FX,NFX
22-Aug-2003,USDEUR,0.9155,0.9227,0.9135,0.9197,0,0,0,1,FX,NFX
25-Aug-2003,USDEUR,0.9214,0.9218,0.9158,0.9199,0,0,0,1,FX,NFX
26-Aug-2003,USDEUR,0.9198,0.9264,0.9167,0.9205,0,0,0,1,FX,NFX
27-Aug-2003,USDEUR,0.9211,0.9229,0.9149,0.9181,0,0,0,1,FX,NFX
28-Aug-2003,USDEUR,0.9188,0.9248,0.9163,0.9188,0,0,0,1,FX,NFX
29-Aug-2003,USDEUR,0.9188,0.9198,0.9091,0.911,0,0,0,1,FX,NFX
01-Sep-2003,USDEUR,0.9101,0.9129,0.9078,0.9118,0,0,0,1,FX,NFX
02-Sep-2003,USDEUR,0.9118,0.9253,0.9112,0.9251,0,0,0,1,FX,NFX
03-Sep-2003,USDEUR,0.9249,0.9291,0.92,0.922,0,0,0,1,FX,NFX
04-Sep-2003,USDEUR,0.9219,0.925,0.9133,0.9136,0,0,0,1,FX,NFX
05-Sep-2003,USDEUR,0.9135,0.9155,0.9117,0.9135,0,0,0,1,FX,NFX
08-Sep-2003,USDEUR,0.9012,0.905,0.8985,0.9037,0,0,0,1,FX,NFX
09-Sep-2003,USDEUR,0.9035,0.9044,0.8896,0.8907,0,0,0,1,FX,NFX
10-Sep-2003,USDEUR,0.8907,0.8957,0.89,0.8919,0,0,0,1,FX,NFX
11-Sep-2003,USDEUR,0.8919,0.8962,0.8872,0.8923,0,0,0,1,FX,NFX
12-Sep-2003,USDEUR,0.8922,0.8979,0.8833,0.8855,0,0,0,1,FX,NFX
15-Sep-2003,USDEUR,0.8871,0.8891,0.8842,0.8863,0,0,0,1,FX,NFX
16-Sep-2003,USDEUR,0.8863,0.8963,0.8836,0.8949,0,0,0,1,FX,NFX
17-Sep-2003,USDEUR,0.8947,0.8976,0.8849,0.8862,0,0,0,1,FX,NFX
18-Sep-2003,USDEUR,0.886,0.8906,0.8815,0.8886,0,0,0,1,FX,NFX
19-Sep-2003,USDEUR,0.8884,0.8897,0.8786,0.8792,0,0,0,1,FX,NFX
22-Sep-2003,USDEUR,0.8704,0.8759,0.8692,0.8724,0,0,0,1,FX,NFX
23-Sep-2003,USDEUR,0.8725,0.8742,0.8676,0.8739,0,0,0,1,FX,NFX
24-Sep-2003,USDEUR,0.8739,0.875,0.8692,0.8699,0,0,0,1,FX,NFX
25-Sep-2003,USDEUR,0.8698,0.8725,0.8672,0.8701,0,0,0,1,FX,NFX
26-Sep-2003,USDEUR,0.8704,0.8739,0.8695,0.8722,0,0,0,1,FX,NFX
29-Sep-2003,USDEUR,0.8723,0.8774,0.862,0.8623,0,0,0,1,FX,NFX
30-Sep-2003,USDEUR,0.862,0.864,0.852,0.8578,0,0,0,1,FX,NFX
01-Oct-2003,USDEUR,0.8578,0.8596,0.8526,0.8533,0,0,0,1,FX,NFX
02-Oct-2003,USDEUR,0.8532,0.8574,0.8497,0.8549,0,0,0,1,FX,NFX
03-Oct-2003,USDEUR,0.8552,0.8655,0.8531,0.8635,0,0,0,1,FX,NFX
06-Oct-2003,USDEUR,0.8635,0.867,0.8531,0.8535,0,0,0,1,FX,NFX
07-Oct-2003,USDEUR,0.8539,0.8547,0.8466,0.8505,0,0,0,1,FX,NFX
08-Oct-2003,USDEUR,0.8503,0.8503,0.8446,0.8466,0,0,0,1,FX,NFX
09-Oct-2003,USDEUR,0.8467,0.8557,0.8431,0.8514,0,0,0,1,FX,NFX
10-Oct-2003,USDEUR,0.8511,0.8544,0.8438,0.8472,0,0,0,1,FX,NFX
13-Oct-2003,USDEUR,0.8468,0.8579,0.8463,0.8544,0,0,0,1,FX,NFX
14-Oct-2003,USDEUR,0.8543,0.8632,0.8489,0.8531,0,0,0,1,FX,NFX
15-Oct-2003,USDEUR,0.853,0.8626,0.8514,0.8594,0,0,0,1,FX,NFX
16-Oct-2003,USDEUR,0.8594,0.8641,0.855,0.8629,0,0,0,1,FX,NFX
17-Oct-2003,USDEUR,0.8632,0.8653,0.8558,0.8565,0,0,0,1,FX,NFX
20-Oct-2003,USDEUR,0.8545,0.8618,0.8542,0.8594,0,0,0,1,FX,NFX
21-Oct-2003,USDEUR,0.8594,0.8606,0.8549,0.857,0,0,0,1,FX,NFX
22-Oct-2003,USDEUR,0.857,0.8583,0.8456,0.8472,0,0,0,1,FX,NFX
23-Oct-2003,USDEUR,0.8473,0.8506,0.8443,0.8481,0,0,0,1,FX,NFX
24-Oct-2003,USDEUR,0.8481,0.8501,0.8433,0.8486,0,0,0,1,FX,NFX
27-Oct-2003,USDEUR,0.8491,0.8531,0.8487,0.8515,0,0,0,1,FX,NFX
28-Oct-2003,USDEUR,0.8513,0.8577,0.851,0.8571,0,0,0,1,FX,NFX
29-Oct-2003,USDEUR,0.8569,0.8575,0.8533,0.8574,0,0,0,1,FX,NFX
30-Oct-2003,USDEUR,0.8574,0.8605,0.8506,0.8599,0,0,0,1,FX,NFX
31-Oct-2003,USDEUR,0.8603,0.8646,0.858,0.8624,0,0,0,1,FX,NFX
03-Nov-2003,USDEUR,0.8633,0.8748,0.8606,0.8723,0,0,0,1,FX,NFX
04-Nov-2003,USDEUR,0.8728,0.875,0.8685,0.8699,0,0,0,1,FX,NFX
05-Nov-2003,USDEUR,0.8701,0.8758,0.8696,0.8744,0,0,0,1,FX,NFX
06-Nov-2003,USDEUR,0.8742,0.8778,0.8723,0.8759,0,0,0,1,FX,NFX
07-Nov-2003,USDEUR,0.8759,0.8787,0.8663,0.8679,0,0,0,1,FX,NFX
10-Nov-2003,USDEUR,0.8691,0.872,0.8669,0.8718,0,0,0,1,FX,NFX
11-Nov-2003,USDEUR,0.871,0.8738,0.8672,0.8683,0,0,0,1,FX,NFX
12-Nov-2003,USDEUR,0.8679,0.8691,0.8576,0.8597,0,0,0,1,FX,NFX
13-Nov-2003,USDEUR,0.8597,0.8599,0.8519,0.8523,0,0,0,1,FX,NFX
14-Nov-2003,USDEUR,0.8521,0.8526,0.8474,0.849,0,0,0,1,FX,NFX
17-Nov-2003,USDEUR,0.8445,0.8526,0.8439,0.8511,0,0,0,1,FX,NFX
18-Nov-2003,USDEUR,0.851,0.8521,0.8351,0.8352,0,0,0,1,FX,NFX
19-Nov-2003,USDEUR,0.8352,0.842,0.8348,0.8419,0,0,0,1,FX,NFX
20-Nov-2003,USDEUR,0.8419,0.8421,0.8355,0.8397,0,0,0,1,FX,NFX
21-Nov-2003,USDEUR,0.8392,0.8431,0.8376,0.8393,0,0,0,1,FX,NFX
24-Nov-2003,USDEUR,0.8396,0.8504,0.8391,0.8497,0,0,0,1,FX,NFX
25-Nov-2003,USDEUR,0.8496,0.8507,0.8461,0.8483,0,0,0,1,FX,NFX
26-Nov-2003,USDEUR,0.848,0.8494,0.8369,0.8378,0,0,0,1,FX,NFX
27-Nov-2003,USDEUR,0.8374,0.8413,0.8374,0.8399,0,0,0,1,FX,NFX
28-Nov-2003,USDEUR,0.8398,0.8404,0.8323,0.8339,0,0,0,1,FX,NFX
01-Dec-2003,USDEUR,0.8311,0.8374,0.8305,0.8352,0,0,0,1,FX,NFX
02-Dec-2003,USDEUR,0.8345,0.8371,0.827,0.8276,0,0,0,1,FX,NFX
03-Dec-2003,USDEUR,0.8278,0.8286,0.8244,0.8258,0,0,0,1,FX,NFX
04-Dec-2003,USDEUR,0.8257,0.8311,0.8228,0.8275,0,0,0,1,FX,NFX
05-Dec-2003,USDEUR,0.8276,0.8289,0.8211,0.8219,0,0,0,1,FX,NFX
08-Dec-2003,USDEUR,0.8218,0.8227,0.817,0.8184,0,0,0,1,FX,NFX
09-Dec-2003,USDEUR,0.8183,0.8202,0.8147,0.8158,0,0,0,1,FX,NFX
10-Dec-2003,USDEUR,0.8161,0.8228,0.8152,0.8182,0,0,0,1,FX,NFX
11-Dec-2003,USDEUR,0.8184,0.8249,0.8177,0.818,0,0,0,1,FX,NFX
12-Dec-2003,USDEUR,0.8181,0.819,0.8126,0.8146,0,0,0,1,FX,NFX
15-Dec-2003,USDEUR,0.8146,0.8215,0.8115,0.8119,0,0,0,1,FX,NFX
16-Dec-2003,USDEUR,0.8115,0.8128,0.8089,0.8112,0,0,0,1,FX,NFX
17-Dec-2003,USDEUR,0.8111,0.8132,0.8052,0.8057,0,0,0,1,FX,NFX
18-Dec-2003,USDEUR,0.8056,0.8088,0.8038,0.8047,0,0,0,1,FX,NFX
19-Dec-2003,USDEUR,0.8049,0.8099,0.8042,0.8081,0,0,0,1,FX,NFX
22-Dec-2003,USDEUR,0.8081,0.8094,0.8035,0.8065,0,0,0,1,FX,NFX
23-Dec-2003,USDEUR,0.8067,0.8073,0.8047,0.8069,0,0,0,1,FX,NFX
24-Dec-2003,USDEUR,0.8067,0.8071,0.8019,0.8032,0,0,0,1,FX,NFX
25-Dec-2003,USDEUR,0.8034,0.8041,0.8028,0.8041,0,0,0,1,FX,NFX
26-Dec-2003,USDEUR,0.8028,0.8034,0.8019,0.8033,0,0,0,1,FX,NFX
29-Dec-2003,USDEUR,0.8045,0.8047,0.7994,0.8009,0,0,0,1,FX,NFX
30-Dec-2003,USDEUR,0.8005,0.8013,0.7959,0.7969,0,0,0,1,FX,NFX
31-Dec-2003,USDEUR,0.7968,0.7989,0.7907,0.7941,0,0,0,1,FX,NFX
01-Jan-2004,USDEUR,0.7938,0.7945,0.7937,0.7938,0,0,0,1,FX,NFX
02-Jan-2004,USDEUR,0.795,0.7984,0.7919,0.7948,0,0,0,1,FX,NFX
05-Jan-2004,USDEUR,0.7915,0.7947,0.7876,0.7892,0,0,0,1,FX,NFX
06-Jan-2004,USDEUR,0.7889,0.7896,0.7806,0.7856,0,0,0,1,FX,NFX
07-Jan-2004,USDEUR,0.7858,0.7917,0.7844,0.7915,0,0,0,1,FX,NFX
08-Jan-2004,USDEUR,0.7916,0.7961,0.7825,0.7835,0,0,0,1,FX,NFX
09-Jan-2004,USDEUR,0.7833,0.7869,0.7772,0.7784,0,0,0,1,FX,NFX
12-Jan-2004,USDEUR,0.7792,0.7852,0.7753,0.7843,0,0,0,1,FX,NFX
13-Jan-2004,USDEUR,0.7844,0.7863,0.7814,0.7829,0,0,0,1,FX,NFX
14-Jan-2004,USDEUR,0.7827,0.7916,0.782,0.7905,0,0,0,1,FX,NFX
15-Jan-2004,USDEUR,0.7906,0.7961,0.7892,0.7948,0,0,0,1,FX,NFX
16-Jan-2004,USDEUR,0.7949,0.8094,0.793,0.8069,0,0,0,1,FX,NFX
19-Jan-2004,USDEUR,0.8083,0.8106,0.8049,0.8095,0,0,0,1,FX,NFX
20-Jan-2004,USDEUR,0.8096,0.8099,0.7938,0.7948,0,0,0,1,FX,NFX
21-Jan-2004,USDEUR,0.7948,0.7965,0.7891,0.7914,0,0,0,1,FX,NFX
22-Jan-2004,USDEUR,0.7909,0.7914,0.7842,0.7861,0,0,0,1,FX,NFX
23-Jan-2004,USDEUR,0.786,0.7957,0.7827,0.7949,0,0,0,1,FX,NFX
26-Jan-2004,USDEUR,0.7949,0.8025,0.7928,0.8022,0,0,0,1,FX,NFX
27-Jan-2004,USDEUR,0.8025,0.8038,0.7905,0.791,0,0,0,1,FX,NFX
28-Jan-2004,USDEUR,0.7907,0.8017,0.7897,0.8013,0,0,0,1,FX,NFX
29-Jan-2004,USDEUR,0.802,0.8087,0.7981,0.8055,0,0,0,1,FX,NFX
30-Jan-2004,USDEUR,0.8058,0.8096,0.8007,0.8015,0,0,0,1,FX,NFX
02-Feb-2004,USDEUR,0.8019,0.8069,0.8008,0.8049,0,0,0,1,FX,NFX
03-Feb-2004,USDEUR,0.8049,0.8053,0.7937,0.7973,0,0,0,1,FX,NFX
04-Feb-2004,USDEUR,0.7972,0.8002,0.7961,0.7976,0,0,0,1,FX,NFX
05-Feb-2004,USDEUR,0.7977,0.7987,0.7914,0.7968,0,0,0,1,FX,NFX
06-Feb-2004,USDEUR,0.7968,0.7991,0.7859,0.787,0,0,0,1,FX,NFX
09-Feb-2004,USDEUR,0.7922,0.7932,0.7837,0.7876,0,0,0,1,FX,NFX
10-Feb-2004,USDEUR,0.7875,0.7893,0.7818,0.7891,0,0,0,1,FX,NFX
11-Feb-2004,USDEUR,0.7891,0.7905,0.7789,0.7794,0,0,0,1,FX,NFX
12-Feb-2004,USDEUR,0.7793,0.7819,0.7784,0.7809,0,0,0,1,FX,NFX
13-Feb-2004,USDEUR,0.7804,0.7864,0.7757,0.7848,0,0,0,1,FX,NFX
16-Feb-2004,USDEUR,0.7844,0.7863,0.7819,0.783,0,0,0,1,FX,NFX
17-Feb-2004,USDEUR,0.783,0.7838,0.7765,0.7787,0,0,0,1,FX,NFX
18-Feb-2004,USDEUR,0.7787,0.7898,0.7735,0.7881,0,0,0,1,FX,NFX
19-Feb-2004,USDEUR,0.7879,0.79,0.7852,0.7865,0,0,0,1,FX,NFX
20-Feb-2004,USDEUR,0.7866,0.8004,0.7832,0.7986,0,0,0,1,FX,NFX
23-Feb-2004,USDEUR,0.7983,0.803,0.7939,0.7964,0,0,0,1,FX,NFX
24-Feb-2004,USDEUR,0.7966,0.7984,0.7867,0.7882,0,0,0,1,FX,NFX
25-Feb-2004,USDEUR,0.7883,0.8014,0.7871,0.7999,0,0,0,1,FX,NFX
26-Feb-2004,USDEUR,0.7998,0.8074,0.799,0.8039,0,0,0,1,FX,NFX
27-Feb-2004,USDEUR,0.8039,0.8079,0.7996,0.8009,0,0,0,1,FX,NFX
01-Mar-2004,USDEUR,0.801,0.8047,0.7974,0.8025,0,0,0,1,FX,NFX
02-Mar-2004,USDEUR,0.8028,0.8199,0.802,0.8189,0,0,0,1,FX,NFX
03-Mar-2004,USDEUR,0.8185,0.829,0.818,0.8193,0,0,0,1,FX,NFX
04-Mar-2004,USDEUR,0.8193,0.824,0.8169,0.8197,0,0,0,1,FX,NFX
05-Mar-2004,USDEUR,0.8194,0.8214,0.8044,0.808,0,0,0,1,FX,NFX
08-Mar-2004,USDEUR,0.8071,0.8105,0.8055,0.8059,0,0,0,1,FX,NFX
09-Mar-2004,USDEUR,0.806,0.8145,0.8025,0.8115,0,0,0,1,FX,NFX
10-Mar-2004,USDEUR,0.8112,0.8197,0.8107,0.8176,0,0,0,1,FX,NFX
11-Mar-2004,USDEUR,0.8179,0.8221,0.8073,0.8094,0,0,0,1,FX,NFX
12-Mar-2004,USDEUR,0.8095,0.8214,0.8081,0.8182,0,0,0,1,FX,NFX
15-Mar-2004,USDEUR,0.8201,0.8205,0.812,0.8151,0,0,0,1,FX,NFX
16-Mar-2004,USDEUR,0.8154,0.8175,0.8083,0.8151,0,0,0,1,FX,NFX
17-Mar-2004,USDEUR,0.8148,0.8211,0.8137,0.8171,0,0,0,1,FX,NFX
18-Mar-2004,USDEUR,0.8173,0.8182,0.8049,0.807,0,0,0,1,FX,NFX
19-Mar-2004,USDEUR,0.8071,0.8156,0.806,0.8137,0,0,0,1,FX,NFX
22-Mar-2004,USDEUR,0.8144,0.8181,0.8066,0.8107,0,0,0,1,FX,NFX
23-Mar-2004,USDEUR,0.8112,0.8152,0.8085,0.8104,0,0,0,1,FX,NFX
24-Mar-2004,USDEUR,0.8105,0.8251,0.8085,0.824,0,0,0,1,FX,NFX
25-Mar-2004,USDEUR,0.824,0.8266,0.8197,0.8243,0,0,0,1,FX,NFX
26-Mar-2004,USDEUR,0.8242,0.8276,0.8191,0.8242,0,0,0,1,FX,NFX
29-Mar-2004,USDEUR,0.8253,0.8295,0.8218,0.8222,0,0,0,1,FX,NFX
30-Mar-2004,USDEUR,0.8225,0.8229,0.8179,0.8218,0,0,0,1,FX,NFX
31-Mar-2004,USDEUR,0.8216,0.8217,0.8116,0.8119,0,0,0,1,FX,NFX
01-Apr-2004,USDEUR,0.812,0.8159,0.8072,0.8087,0,0,0,1,FX,NFX
02-Apr-2004,USDEUR,0.8088,0.8263,0.8081,0.8241,0,0,0,1,FX,NFX
05-Apr-2004,USDEUR,0.8258,0.8343,0.8244,0.8322,0,0,0,1,FX,NFX
06-Apr-2004,USDEUR,0.8321,0.8344,0.8243,0.8252,0,0,0,1,FX,NFX
07-Apr-2004,USDEUR,0.8253,0.8298,0.8199,0.8216,0,0,0,1,FX,NFX
08-Apr-2004,USDEUR,0.8214,0.829,0.8186,0.8272,0,0,0,1,FX,NFX
09-Apr-2004,USDEUR,0.8274,0.8289,0.8254,0.8267,0,0,0,1,FX,NFX
12-Apr-2004,USDEUR,0.8268,0.8296,0.8265,0.8281,0,0,0,1,FX,NFX
13-Apr-2004,USDEUR,0.828,0.8399,0.8275,0.837,0,0,0,1,FX,NFX
14-Apr-2004,USDEUR,0.8371,0.8426,0.8351,0.8358,0,0,0,1,FX,NFX
15-Apr-2004,USDEUR,0.8361,0.8406,0.8337,0.8347,0,0,0,1,FX,NFX
16-Apr-2004,USDEUR,0.8344,0.8385,0.8302,0.8337,0,0,0,1,FX,NFX
19-Apr-2004,USDEUR,0.8322,0.8335,0.828,0.8317,0,0,0,1,FX,NFX
20-Apr-2004,USDEUR,0.8317,0.8444,0.8317,0.8432,0,0,0,1,FX,NFX
21-Apr-2004,USDEUR,0.8424,0.8463,0.8396,0.8443,0,0,0,1,FX,NFX
22-Apr-2004,USDEUR,0.8444,0.8487,0.8393,0.84,0,0,0,1,FX,NFX
23-Apr-2004,USDEUR,0.8399,0.8476,0.8373,0.8443,0,0,0,1,FX,NFX
26-Apr-2004,USDEUR,0.8458,0.8503,0.8414,0.8426,0,0,0,1,FX,NFX
27-Apr-2004,USDEUR,0.8427,0.8451,0.8371,0.8389,0,0,0,1,FX,NFX
28-Apr-2004,USDEUR,0.8385,0.8458,0.8367,0.8445,0,0,0,1,FX,NFX
29-Apr-2004,USDEUR,0.8446,0.8471,0.8343,0.8356,0,0,0,1,FX,NFX
30-Apr-2004,USDEUR,0.8362,0.8388,0.8325,0.8348,0,0,0,1,FX,NFX
03-May-2004,USDEUR,0.8345,0.8388,0.8331,0.8376,0,0,0,1,FX,NFX
04-May-2004,USDEUR,0.8372,0.8384,0.8253,0.8267,0,0,0,1,FX,NFX
05-May-2004,USDEUR,0.8265,0.8267,0.821,0.8215,0,0,0,1,FX,NFX
06-May-2004,USDEUR,0.8213,0.8289,0.8212,0.8276,0,0,0,1,FX,NFX
07-May-2004,USDEUR,0.8277,0.8419,0.8243,0.8413,0,0,0,1,FX,NFX
10-May-2004,USDEUR,0.8417,0.8465,0.8405,0.8437,0,0,0,1,FX,NFX
11-May-2004,USDEUR,0.8439,0.8481,0.8409,0.8429,0,0,0,1,FX,NFX
12-May-2004,USDEUR,0.8424,0.845,0.8374,0.8402,0,0,0,1,FX,NFX
13-May-2004,USDEUR,0.8403,0.8491,0.8381,0.8457,0,0,0,1,FX,NFX
14-May-2004,USDEUR,0.846,0.8486,0.8404,0.8414,0,0,0,1,FX,NFX
17-May-2004,USDEUR,0.8411,0.8418,0.8291,0.8312,0,0,0,1,FX,NFX
18-May-2004,USDEUR,0.8315,0.8381,0.8305,0.8363,0,0,0,1,FX,NFX
19-May-2004,USDEUR,0.8366,0.8377,0.8304,0.8328,0,0,0,1,FX,NFX
20-May-2004,USDEUR,0.8327,0.8407,0.8318,0.8356,0,0,0,1,FX,NFX
21-May-2004,USDEUR,0.8357,0.8366,0.8285,0.8345,0,0,0,1,FX,NFX
24-May-2004,USDEUR,0.8343,0.8379,0.8315,0.833,0,0,0,1,FX,NFX
25-May-2004,USDEUR,0.833,0.8343,0.8246,0.8257,0,0,0,1,FX,NFX
26-May-2004,USDEUR,0.826,0.8276,0.8235,0.8259,0,0,0,1,FX,NFX
27-May-2004,USDEUR,0.8261,0.8273,0.8137,0.8152,0,0,0,1,FX,NFX
28-May-2004,USDEUR,0.8156,0.8195,0.8132,0.8181,0,0,0,1,FX,NFX
31-May-2004,USDEUR,0.8166,0.8212,0.8161,0.8206,0,0,0,1,FX,NFX
01-Jun-2004,USDEUR,0.8202,0.8226,0.8152,0.8165,0,0,0,1,FX,NFX
02-Jun-2004,USDEUR,0.8165,0.8192,0.8125,0.8187,0,0,0,1,FX,NFX
03-Jun-2004,USDEUR,0.8185,0.8216,0.8162,0.818,0,0,0,1,FX,NFX
04-Jun-2004,USDEUR,0.8179,0.8231,0.8129,0.814,0,0,0,1,FX,NFX
07-Jun-2004,USDEUR,0.8131,0.815,0.8104,0.8117,0,0,0,1,FX,NFX
08-Jun-2004,USDEUR,0.8116,0.8166,0.8095,0.815,0,0,0,1,FX,NFX
09-Jun-2004,USDEUR,0.8149,0.8307,0.8145,0.8302,0,0,0,1,FX,NFX
10-Jun-2004,USDEUR,0.83,0.8316,0.8254,0.8259,0,0,0,1,FX,NFX
11-Jun-2004,USDEUR,0.8258,0.8356,0.8253,0.8326,0,0,0,1,FX,NFX
14-Jun-2004,USDEUR,0.833,0.8365,0.8271,0.8295,0,0,0,1,FX,NFX
15-Jun-2004,USDEUR,0.8291,0.8312,0.8216,0.8222,0,0,0,1,FX,NFX
16-Jun-2004,USDEUR,0.8223,0.8346,0.8218,0.8326,0,0,0,1,FX,NFX
17-Jun-2004,USDEUR,0.8325,0.8338,0.8281,0.8295,0,0,0,1,FX,NFX
18-Jun-2004,USDEUR,0.8296,0.8351,0.8231,0.8238,0,0,0,1,FX,NFX
21-Jun-2004,USDEUR,0.824,0.828,0.8232,0.8256,0,0,0,1,FX,NFX
22-Jun-2004,USDEUR,0.8255,0.8288,0.8241,0.826,0,0,0,1,FX,NFX
23-Jun-2004,USDEUR,0.826,0.8289,0.8202,0.827,0,0,0,1,FX,NFX
24-Jun-2004,USDEUR,0.8267,0.8305,0.8204,0.8219,0,0,0,1,FX,NFX
25-Jun-2004,USDEUR,0.8218,0.826,0.8202,0.8214,0,0,0,1,FX,NFX
28-Jun-2004,USDEUR,0.8213,0.8249,0.8177,0.8203,0,0,0,1,FX,NFX
29-Jun-2004,USDEUR,0.8206,0.8285,0.8201,0.8274,0,0,0,1,FX,NFX
30-Jun-2004,USDEUR,0.8277,0.8288,0.8194,0.8197,0,0,0,1,FX,NFX
01-Jul-2004,USDEUR,0.8198,0.8241,0.819,0.8223,0,0,0,1,FX,NFX
02-Jul-2004,USDEUR,0.8225,0.8235,0.811,0.8118,0,0,0,1,FX,NFX
05-Jul-2004,USDEUR,0.8114,0.8149,0.8107,0.814,0,0,0,1,FX,NFX
06-Jul-2004,USDEUR,0.8136,0.8153,0.8109,0.8141,0,0,0,1,FX,NFX
07-Jul-2004,USDEUR,0.814,0.8147,0.807,0.8083,0,0,0,1,FX,NFX
08-Jul-2004,USDEUR,0.8082,0.8103,0.806,0.8069,0,0,0,1,FX,NFX
09-Jul-2004,USDEUR,0.8074,0.8083,0.8049,0.8056,0,0,0,1,FX,NFX
12-Jul-2004,USDEUR,0.8056,0.8076,0.804,0.8061,0,0,0,1,FX,NFX
13-Jul-2004,USDEUR,0.8057,0.8129,0.8053,0.8108,0,0,0,1,FX,NFX
14-Jul-2004,USDEUR,0.8112,0.8116,0.805,0.8074,0,0,0,1,FX,NFX
15-Jul-2004,USDEUR,0.8078,0.811,0.807,0.8091,0,0,0,1,FX,NFX
16-Jul-2004,USDEUR,0.8094,0.8111,0.8026,0.8029,0,0,0,1,FX,NFX
19-Jul-2004,USDEUR,0.8036,0.8065,0.8024,0.8035,0,0,0,1,FX,NFX
20-Jul-2004,USDEUR,0.8037,0.8128,0.8029,0.8107,0,0,0,1,FX,NFX
21-Jul-2004,USDEUR,0.811,0.8188,0.8096,0.8155,0,0,0,1,FX,NFX
22-Jul-2004,USDEUR,0.8155,0.8174,0.8135,0.8158,0,0,0,1,FX,NFX
23-Jul-2004,USDEUR,0.816,0.8271,0.8152,0.8266,0,0,0,1,FX,NFX
26-Jul-2004,USDEUR,0.8263,0.8271,0.8216,0.8233,0,0,0,1,FX,NFX
27-Jul-2004,USDEUR,0.8236,0.8307,0.8203,0.8289,0,0,0,1,FX,NFX
28-Jul-2004,USDEUR,0.8292,0.8333,0.8277,0.8294,0,0,0,1,FX,NFX
29-Jul-2004,USDEUR,0.8293,0.8339,0.8266,0.8302,0,0,0,1,FX,NFX
30-Jul-2004,USDEUR,0.8303,0.8331,0.8251,0.8319,0,0,0,1,FX,NFX
02-Aug-2004,USDEUR,0.8315,0.8322,0.8313,0.8321,0,0,0,1,FX,NFX
03-Aug-2004,USDEUR,0.8315,0.8337,0.8281,0.8293,0,0,0,1,FX,NFX
04-Aug-2004,USDEUR,0.829,0.8354,0.8286,0.8301,0,0,0,1,FX,NFX
05-Aug-2004,USDEUR,0.8297,0.8317,0.8282,0.8288,0,0,0,1,FX,NFX
06-Aug-2004,USDEUR,0.8296,0.8303,0.8135,0.8143,0,0,0,1,FX,NFX
09-Aug-2004,USDEUR,0.814,0.8166,0.8135,0.8147,0,0,0,1,FX,NFX
10-Aug-2004,USDEUR,0.8149,0.8177,0.8116,0.8172,0,0,0,1,FX,NFX
11-Aug-2004,USDEUR,0.8173,0.8198,0.8162,0.8185,0,0,0,1,FX,NFX
12-Aug-2004,USDEUR,0.8186,0.8186,0.8134,0.8161,0,0,0,1,FX,NFX
13-Aug-2004,USDEUR,0.8162,0.8211,0.8078,0.808,0,0,0,1,FX,NFX
16-Aug-2004,USDEUR,0.8082,0.8117,0.8074,0.809,0,0,0,1,FX,NFX
17-Aug-2004,USDEUR,0.8088,0.8122,0.8074,0.8096,0,0,0,1,FX,NFX
18-Aug-2004,USDEUR,0.8093,0.8138,0.8087,0.8104,0,0,0,1,FX,NFX
19-Aug-2004,USDEUR,0.8105,0.8112,0.8078,0.8086,0,0,0,1,FX,NFX
20-Aug-2004,USDEUR,0.8088,0.8143,0.8074,0.812,0,0,0,1,FX,NFX
23-Aug-2004,USDEUR,0.812,0.8242,0.8114,0.8233,0,0,0,1,FX,NFX
24-Aug-2004,USDEUR,0.8237,0.8289,0.8218,0.8278,0,0,0,1,FX,NFX
25-Aug-2004,USDEUR,0.8277,0.8297,0.8255,0.8274,0,0,0,1,FX,NFX
26-Aug-2004,USDEUR,0.8276,0.8299,0.8254,0.8264,0,0,0,1,FX,NFX
27-Aug-2004,USDEUR,0.8262,0.833,0.824,0.8326,0,0,0,1,FX,NFX
30-Aug-2004,USDEUR,0.8321,0.8342,0.8286,0.8296,0,0,0,1,FX,NFX
31-Aug-2004,USDEUR,0.83,0.8303,0.82,0.8209,0,0,0,1,FX,NFX
01-Sep-2004,USDEUR,0.8209,0.8232,0.8183,0.8203,0,0,0,1,FX,NFX
02-Sep-2004,USDEUR,0.8205,0.8236,0.8195,0.8214,0,0,0,1,FX,NFX
03-Sep-2004,USDEUR,0.8213,0.8304,0.8201,0.8289,0,0,0,1,FX,NFX
06-Sep-2004,USDEUR,0.8292,0.83,0.8277,0.8288,0,0,0,1,FX,NFX
07-Sep-2004,USDEUR,0.8289,0.8296,0.8257,0.8261,0,0,0,1,FX,NFX
08-Sep-2004,USDEUR,0.8258,0.8315,0.8202,0.8209,0,0,0,1,FX,NFX
09-Sep-2004,USDEUR,0.8207,0.8223,0.8191,0.8191,0,0,0,1,FX,NFX
10-Sep-2004,USDEUR,0.8187,0.8196,0.8126,0.8153,0,0,0,1,FX,NFX
13-Sep-2004,USDEUR,0.8154,0.8181,0.8138,0.816,0,0,0,1,FX,NFX
14-Sep-2004,USDEUR,0.8155,0.8179,0.8133,0.816,0,0,0,1,FX,NFX
15-Sep-2004,USDEUR,0.8161,0.824,0.8156,0.8228,0,0,0,1,FX,NFX
16-Sep-2004,USDEUR,0.823,0.825,0.8196,0.8207,0,0,0,1,FX,NFX
17-Sep-2004,USDEUR,0.8208,0.8225,0.8181,0.8203,0,0,0,1,FX,NFX
20-Sep-2004,USDEUR,0.8211,0.8247,0.8206,0.8213,0,0,0,1,FX,NFX
21-Sep-2004,USDEUR,0.8213,0.8219,0.81,0.8107,0,0,0,1,FX,NFX
22-Sep-2004,USDEUR,0.8104,0.8178,0.8104,0.8155,0,0,0,1,FX,NFX
23-Sep-2004,USDEUR,0.8151,0.816,0.8109,0.815,0,0,0,1,FX,NFX
24-Sep-2004,USDEUR,0.815,0.8171,0.8089,0.815,0,0,0,1,FX,NFX
27-Sep-2004,USDEUR,0.8142,0.8165,0.812,0.8132,0,0,0,1,FX,NFX
28-Sep-2004,USDEUR,0.8135,0.8143,0.8098,0.8113,0,0,0,1,FX,NFX
29-Sep-2004,USDEUR,0.8112,0.8137,0.8105,0.8107,0,0,0,1,FX,NFX
30-Sep-2004,USDEUR,0.8108,0.812,0.8036,0.8041,0,0,0,1,FX,NFX
01-Oct-2004,USDEUR,0.8041,0.8074,0.804,0.8058,0,0,0,1,FX,NFX
04-Oct-2004,USDEUR,0.8067,0.8157,0.8063,0.814,0,0,0,1,FX,NFX
05-Oct-2004,USDEUR,0.8137,0.8154,0.811,0.8119,0,0,0,1,FX,NFX
06-Oct-2004,USDEUR,0.8122,0.8164,0.8114,0.8139,0,0,0,1,FX,NFX
07-Oct-2004,USDEUR,0.8139,0.8148,0.8121,0.8139,0,0,0,1,FX,NFX
08-Oct-2004,USDEUR,0.814,0.8141,0.8043,0.806,0,0,0,1,FX,NFX
11-Oct-2004,USDEUR,0.8052,0.8083,0.805,0.8078,0,0,0,1,FX,NFX
12-Oct-2004,USDEUR,0.8072,0.8137,0.8069,0.8114,0,0,0,1,FX,NFX
13-Oct-2004,USDEUR,0.811,0.818,0.8093,0.8099,0,0,0,1,FX,NFX
14-Oct-2004,USDEUR,0.8099,0.8114,0.8051,0.8072,0,0,0,1,FX,NFX
15-Oct-2004,USDEUR,0.8073,0.8097,0.7998,0.8017,0,0,0,1,FX,NFX
18-Oct-2004,USDEUR,0.8016,0.8024,0.7979,0.8002,0,0,0,1,FX,NFX
19-Oct-2004,USDEUR,0.8004,0.8031,0.7983,0.799,0,0,0,1,FX,NFX
20-Oct-2004,USDEUR,0.7992,0.8005,0.7919,0.7944,0,0,0,1,FX,NFX
21-Oct-2004,USDEUR,0.7942,0.7954,0.7905,0.7926,0,0,0,1,FX,NFX
22-Oct-2004,USDEUR,0.7925,0.7937,0.7882,0.7882,0,0,0,1,FX,NFX
25-Oct-2004,USDEUR,0.7878,0.7878,0.7795,0.7807,0,0,0,1,FX,NFX
26-Oct-2004,USDEUR,0.7808,0.7857,0.7788,0.7834,0,0,0,1,FX,NFX
27-Oct-2004,USDEUR,0.7832,0.7876,0.7805,0.7866,0,0,0,1,FX,NFX
28-Oct-2004,USDEUR,0.7866,0.7912,0.7833,0.7847,0,0,0,1,FX,NFX
29-Oct-2004,USDEUR,0.7846,0.7868,0.7814,0.7818,0,0,0,1,FX,NFX
01-Nov-2004,USDEUR,0.7818,0.7863,0.7792,0.7843,0,0,0,1,FX,NFX
02-Nov-2004,USDEUR,0.7842,0.7895,0.7839,0.7849,0,0,0,1,FX,NFX
03-Nov-2004,USDEUR,0.7847,0.79,0.7795,0.7798,0,0,0,1,FX,NFX
04-Nov-2004,USDEUR,0.7799,0.7817,0.7753,0.7769,0,0,0,1,FX,NFX
05-Nov-2004,USDEUR,0.7769,0.7836,0.7707,0.7714,0,0,0,1,FX,NFX
08-Nov-2004,USDEUR,0.771,0.7748,0.77,0.7741,0,0,0,1,FX,NFX
09-Nov-2004,USDEUR,0.7738,0.7761,0.7727,0.7753,0,0,0,1,FX,NFX
10-Nov-2004,USDEUR,0.7753,0.7782,0.7693,0.7758,0,0,0,1,FX,NFX
11-Nov-2004,USDEUR,0.7757,0.7778,0.774,0.775,0,0,0,1,FX,NFX
12-Nov-2004,USDEUR,0.7747,0.7765,0.7699,0.7707,0,0,0,1,FX,NFX
15-Nov-2004,USDEUR,0.7705,0.7741,0.7693,0.7724,0,0,0,1,FX,NFX
16-Nov-2004,USDEUR,0.7722,0.774,0.7695,0.772,0,0,0,1,FX,NFX
17-Nov-2004,USDEUR,0.7718,0.7721,0.7664,0.767,0,0,0,1,FX,NFX
18-Nov-2004,USDEUR,0.7674,0.7727,0.7648,0.7716,0,0,0,1,FX,NFX
19-Nov-2004,USDEUR,0.7716,0.7728,0.7653,0.7678,0,0,0,1,FX,NFX
22-Nov-2004,USDEUR,0.7669,0.7684,0.7661,0.7663,0,0,0,1,FX,NFX
23-Nov-2004,USDEUR,0.7664,0.7706,0.7633,0.764,0,0,0,1,FX,NFX
24-Nov-2004,USDEUR,0.7641,0.7645,0.7582,0.7583,0,0,0,1,FX,NFX
25-Nov-2004,USDEUR,0.7584,0.7596,0.7529,0.7531,0,0,0,1,FX,NFX
26-Nov-2004,USDEUR,0.7536,0.7585,0.7502,0.7521,0,0,0,1,FX,NFX
29-Nov-2004,USDEUR,0.7536,0.7558,0.7517,0.7532,0,0,0,1,FX,NFX
30-Nov-2004,USDEUR,0.7529,0.7557,0.7501,0.7528,0,0,0,1,FX,NFX
01-Dec-2004,USDEUR,0.753,0.7531,0.7486,0.7492,0,0,0,1,FX,NFX
02-Dec-2004,USDEUR,0.7494,0.7554,0.7471,0.7538,0,0,0,1,FX,NFX
03-Dec-2004,USDEUR,0.7536,0.7544,0.7428,0.743,0,0,0,1,FX,NFX
06-Dec-2004,USDEUR,0.7445,0.7467,0.7432,0.7459,0,0,0,1,FX,NFX
07-Dec-2004,USDEUR,0.7459,0.7468,0.7424,0.7452,0,0,0,1,FX,NFX
08-Dec-2004,USDEUR,0.7452,0.7575,0.7444,0.7498,0,0,0,1,FX,NFX
09-Dec-2004,USDEUR,0.7499,0.7546,0.7483,0.7512,0,0,0,1,FX,NFX
10-Dec-2004,USDEUR,0.7513,0.7609,0.7509,0.7561,0,0,0,1,FX,NFX
13-Dec-2004,USDEUR,0.7578,0.7582,0.7503,0.7511,0,0,0,1,FX,NFX
14-Dec-2004,USDEUR,0.7513,0.7541,0.75,0.752,0,0,0,1,FX,NFX
15-Dec-2004,USDEUR,0.7521,0.754,0.744,0.7463,0,0,0,1,FX,NFX
16-Dec-2004,USDEUR,0.7466,0.7573,0.7446,0.7553,0,0,0,1,FX,NFX
17-Dec-2004,USDEUR,0.7551,0.7559,0.7509,0.7514,0,0,0,1,FX,NFX
20-Dec-2004,USDEUR,0.7502,0.752,0.7458,0.7466,0,0,0,1,FX,NFX
21-Dec-2004,USDEUR,0.7465,0.749,0.7458,0.7479,0,0,0,1,FX,NFX
22-Dec-2004,USDEUR,0.7478,0.7493,0.7459,0.7468,0,0,0,1,FX,NFX
23-Dec-2004,USDEUR,0.7469,0.7473,0.7398,0.74,0,0,0,1,FX,NFX
24-Dec-2004,USDEUR,0.74,0.7416,0.7381,0.7394,0,0,0,1,FX,NFX
27-Dec-2004,USDEUR,0.739,0.7399,0.733,0.7345,0,0,0,1,FX,NFX
28-Dec-2004,USDEUR,0.7344,0.7358,0.7328,0.7345,0,0,0,1,FX,NFX
29-Dec-2004,USDEUR,0.7346,0.7375,0.7327,0.735,0,0,0,1,FX,NFX
30-Dec-2004,USDEUR,0.7349,0.7366,0.7318,0.7334,0,0,0,1,FX,NFX
31-Dec-2004,USDEUR,0.7333,0.7399,0.732,0.7378,0,0,0,1,FX,NFX
03-Jan-2005,USDEUR,0.738,0.7471,0.7363,0.7425,0,0,0,1,FX,NFX
04-Jan-2005,USDEUR,0.7427,0.7546,0.741,0.7531,0,0,0,1,FX,NFX
05-Jan-2005,USDEUR,0.7539,0.7544,0.7538,0.7543,0,0,0,1,FX,NFX
06-Jan-2005,USDEUR,0.7541,0.7601,0.7529,0.759,0,0,0,1,FX,NFX
07-Jan-2005,USDEUR,0.7591,0.7677,0.7549,0.766,0,0,0,1,FX,NFX
10-Jan-2005,USDEUR,0.7657,0.7662,0.762,0.7646,0,0,0,1,FX,NFX
11-Jan-2005,USDEUR,0.7649,0.7653,0.7593,0.763,0,0,0,1,FX,NFX
12-Jan-2005,USDEUR,0.763,0.7643,0.7524,0.7543,0,0,0,1,FX,NFX
13-Jan-2005,USDEUR,0.7544,0.7579,0.7539,0.7564,0,0,0,1,FX,NFX
14-Jan-2005,USDEUR,0.7561,0.7658,0.7561,0.7629,0,0,0,1,FX,NFX
17-Jan-2005,USDEUR,0.763,0.7656,0.7617,0.7655,0,0,0,1,FX,NFX
18-Jan-2005,USDEUR,0.7652,0.7695,0.7648,0.7677,0,0,0,1,FX,NFX
19-Jan-2005,USDEUR,0.7681,0.7712,0.7623,0.7688,0,0,0,1,FX,NFX
20-Jan-2005,USDEUR,0.7686,0.7739,0.7678,0.7711,0,0,0,1,FX,NFX
21-Jan-2005,USDEUR,0.7713,0.7732,0.7652,0.7665,0,0,0,1,FX,NFX
24-Jan-2005,USDEUR,0.7667,0.7675,0.7633,0.7658,0,0,0,1,FX,NFX
25-Jan-2005,USDEUR,0.7657,0.7722,0.7648,0.7708,0,0,0,1,FX,NFX
26-Jan-2005,USDEUR,0.7707,0.7712,0.763,0.7646,0,0,0,1,FX,NFX
27-Jan-2005,USDEUR,0.7651,0.7686,0.762,0.7666,0,0,0,1,FX,NFX
28-Jan-2005,USDEUR,0.7665,0.7699,0.7647,0.7667,0,0,0,1,FX,NFX
31-Jan-2005,USDEUR,0.7673,0.7707,0.7658,0.7673,0,0,0,1,FX,NFX
01-Feb-2005,USDEUR,0.7669,0.7691,0.7654,0.7664,0,0,0,1,FX,NFX
02-Feb-2005,USDEUR,0.7665,0.7686,0.7637,0.7676,0,0,0,1,FX,NFX
03-Feb-2005,USDEUR,0.7677,0.7727,0.767,0.7707,0,0,0,1,FX,NFX
04-Feb-2005,USDEUR,0.7707,0.7773,0.767,0.777,0,0,0,1,FX,NFX
07-Feb-2005,USDEUR,0.7776,0.7853,0.7773,0.7839,0,0,0,1,FX,NFX
08-Feb-2005,USDEUR,0.7839,0.7853,0.7815,0.7834,0,0,0,1,FX,NFX
09-Feb-2005,USDEUR,0.7835,0.785,0.7804,0.7809,0,0,0,1,FX,NFX
10-Feb-2005,USDEUR,0.7809,0.7848,0.7749,0.7767,0,0,0,1,FX,NFX
11-Feb-2005,USDEUR,0.7767,0.7784,0.7755,0.7772,0,0,0,1,FX,NFX
14-Feb-2005,USDEUR,0.7763,0.7766,0.7698,0.7705,0,0,0,1,FX,NFX
15-Feb-2005,USDEUR,0.7707,0.772,0.7663,0.7677,0,0,0,1,FX,NFX
16-Feb-2005,USDEUR,0.7677,0.7716,0.7656,0.7673,0,0,0,1,FX,NFX
17-Feb-2005,USDEUR,0.7674,0.7683,0.764,0.7651,0,0,0,1,FX,NFX
18-Feb-2005,USDEUR,0.7651,0.7683,0.7643,0.7652,0,0,0,1,FX,NFX
21-Feb-2005,USDEUR,0.7666,0.7673,0.7646,0.7653,0,0,0,1,FX,NFX
22-Feb-2005,USDEUR,0.7652,0.766,0.754,0.7543,0,0,0,1,FX,NFX
23-Feb-2005,USDEUR,0.7542,0.7583,0.7533,0.7569,0,0,0,1,FX,NFX
24-Feb-2005,USDEUR,0.7567,0.7589,0.7536,0.7578,0,0,0,1,FX,NFX
25-Feb-2005,USDEUR,0.7577,0.7607,0.7548,0.7548,0,0,0,1,FX,NFX
28-Feb-2005,USDEUR,0.7551,0.7562,0.7531,0.7561,0,0,0,1,FX,NFX
01-Mar-2005,USDEUR,0.7558,0.7593,0.7557,0.7581,0,0,0,1,FX,NFX
02-Mar-2005,USDEUR,0.7583,0.7639,0.758,0.7612,0,0,0,1,FX,NFX
03-Mar-2005,USDEUR,0.7609,0.7635,0.7595,0.7629,0,0,0,1,FX,NFX
04-Mar-2005,USDEUR,0.7629,0.7635,0.7545,0.7552,0,0,0,1,FX,NFX
07-Mar-2005,USDEUR,0.7555,0.7587,0.7548,0.7569,0,0,0,1,FX,NFX
08-Mar-2005,USDEUR,0.7567,0.7571,0.7484,0.7493,0,0,0,1,FX,NFX
09-Mar-2005,USDEUR,0.7493,0.7502,0.745,0.7466,0,0,0,1,FX,NFX
10-Mar-2005,USDEUR,0.7467,0.7479,0.7434,0.7451,0,0,0,1,FX,NFX
11-Mar-2005,USDEUR,0.7452,0.7465,0.7419,0.7435,0,0,0,1,FX,NFX
14-Mar-2005,USDEUR,0.7428,0.7498,0.7419,0.7481,0,0,0,1,FX,NFX
15-Mar-2005,USDEUR,0.7479,0.7519,0.7458,0.7512,0,0,0,1,FX,NFX
16-Mar-2005,USDEUR,0.7516,0.7524,0.7441,0.7452,0,0,0,1,FX,NFX
17-Mar-2005,USDEUR,0.7453,0.7495,0.745,0.7476,0,0,0,1,FX,NFX
18-Mar-2005,USDEUR,0.7475,0.7538,0.7469,0.7506,0,0,0,1,FX,NFX
21-Mar-2005,USDEUR,0.7511,0.7609,0.7509,0.7601,0,0,0,1,FX,NFX
22-Mar-2005,USDEUR,0.76,0.766,0.7564,0.7643,0,0,0,1,FX,NFX
23-Mar-2005,USDEUR,0.7641,0.7715,0.7641,0.7701,0,0,0,1,FX,NFX
24-Mar-2005,USDEUR,0.7701,0.7733,0.7672,0.7729,0,0,0,1,FX,NFX
25-Mar-2005,USDEUR,0.7728,0.7735,0.771,0.7717,0,0,0,1,FX,NFX
28-Mar-2005,USDEUR,0.7719,0.7778,0.7716,0.7756,0,0,0,1,FX,NFX
29-Mar-2005,USDEUR,0.7753,0.7766,0.7719,0.7736,0,0,0,1,FX,NFX
30-Mar-2005,USDEUR,0.7738,0.7745,0.7702,0.7743,0,0,0,1,FX,NFX
31-Mar-2005,USDEUR,0.7743,0.7745,0.7681,0.7714,0,0,0,1,FX,NFX
01-Apr-2005,USDEUR,0.7714,0.7768,0.7666,0.7747,0,0,0,1,FX,NFX
04-Apr-2005,USDEUR,0.7762,0.7801,0.7747,0.7783,0,0,0,1,FX,NFX
05-Apr-2005,USDEUR,0.7785,0.7812,0.7765,0.7766,0,0,0,1,FX,NFX
06-Apr-2005,USDEUR,0.7771,0.7788,0.7747,0.7768,0,0,0,1,FX,NFX
07-Apr-2005,USDEUR,0.777,0.7784,0.7728,0.7778,0,0,0,1,FX,NFX
08-Apr-2005,USDEUR,0.7778,0.7806,0.7731,0.7732,0,0,0,1,FX,NFX
11-Apr-2005,USDEUR,0.7732,0.7747,0.769,0.771,0,0,0,1,FX,NFX
12-Apr-2005,USDEUR,0.7709,0.7773,0.7689,0.7738,0,0,0,1,FX,NFX
13-Apr-2005,USDEUR,0.7738,0.7781,0.772,0.7742,0,0,0,1,FX,NFX
14-Apr-2005,USDEUR,0.7744,0.7829,0.7738,0.7808,0,0,0,1,FX,NFX
15-Apr-2005,USDEUR,0.7804,0.7825,0.7729,0.7735,0,0,0,1,FX,NFX
18-Apr-2005,USDEUR,0.7744,0.7765,0.7666,0.7675,0,0,0,1,FX,NFX
19-Apr-2005,USDEUR,0.7678,0.7702,0.7646,0.7655,0,0,0,1,FX,NFX
20-Apr-2005,USDEUR,0.7655,0.7697,0.7631,0.7641,0,0,0,1,FX,NFX
21-Apr-2005,USDEUR,0.7641,0.7677,0.762,0.7662,0,0,0,1,FX,NFX
22-Apr-2005,USDEUR,0.7665,0.7679,0.7638,0.7655,0,0,0,1,FX,NFX
25-Apr-2005,USDEUR,0.7651,0.7719,0.7651,0.7693,0,0,0,1,FX,NFX
26-Apr-2005,USDEUR,0.7688,0.7723,0.7682,0.77,0,0,0,1,FX,NFX
27-Apr-2005,USDEUR,0.77,0.775,0.7695,0.7732,0,0,0,1,FX,NFX
28-Apr-2005,USDEUR,0.7733,0.7763,0.7726,0.7753,0,0,0,1,FX,NFX
29-Apr-2005,USDEUR,0.7756,0.7779,0.7703,0.7771,0,0,0,1,FX,NFX
02-May-2005,USDEUR,0.7775,0.7789,0.7766,0.7772,0,0,0,1,FX,NFX
03-May-2005,USDEUR,0.7774,0.7796,0.7747,0.7768,0,0,0,1,FX,NFX
04-May-2005,USDEUR,0.7769,0.7771,0.7709,0.7723,0,0,0,1,FX,NFX
05-May-2005,USDEUR,0.7724,0.7736,0.7698,0.7717,0,0,0,1,FX,NFX
06-May-2005,USDEUR,0.7717,0.7806,0.7713,0.7804,0,0,0,1,FX,NFX
09-May-2005,USDEUR,0.7802,0.7818,0.7781,0.7783,0,0,0,1,FX,NFX
10-May-2005,USDEUR,0.7787,0.7802,0.7757,0.7763,0,0,0,1,FX,NFX
11-May-2005,USDEUR,0.7764,0.7825,0.7744,0.7805,0,0,0,1,FX,NFX
12-May-2005,USDEUR,0.7803,0.788,0.7802,0.7876,0,0,0,1,FX,NFX
13-May-2005,USDEUR,0.7877,0.7928,0.7877,0.7916,0,0,0,1,FX,NFX
16-May-2005,USDEUR,0.7919,0.7948,0.7907,0.7908,0,0,0,1,FX,NFX
17-May-2005,USDEUR,0.791,0.7939,0.7897,0.7933,0,0,0,1,FX,NFX
18-May-2005,USDEUR,0.7933,0.7944,0.788,0.7883,0,0,0,1,FX,NFX
19-May-2005,USDEUR,0.7887,0.7931,0.7878,0.7912,0,0,0,1,FX,NFX
20-May-2005,USDEUR,0.7909,0.7976,0.7903,0.7961,0,0,0,1,FX,NFX
23-May-2005,USDEUR,0.7967,0.7976,0.7937,0.7948,0,0,0,1,FX,NFX
24-May-2005,USDEUR,0.795,0.7963,0.7917,0.7946,0,0,0,1,FX,NFX
25-May-2005,USDEUR,0.7947,0.7966,0.7924,0.7935,0,0,0,1,FX,NFX
26-May-2005,USDEUR,0.7937,0.8001,0.7926,0.7992,0,0,0,1,FX,NFX
27-May-2005,USDEUR,0.7991,0.7995,0.7943,0.7948,0,0,0,1,FX,NFX
30-May-2005,USDEUR,0.7983,0.8023,0.797,0.8017,0,0,0,1,FX,NFX
31-May-2005,USDEUR,0.8015,0.8132,0.8008,0.8125,0,0,0,1,FX,NFX
01-Jun-2005,USDEUR,0.8127,0.8222,0.8102,0.821,0,0,0,1,FX,NFX
02-Jun-2005,USDEUR,0.821,0.8211,0.8133,0.8149,0,0,0,1,FX,NFX
03-Jun-2005,USDEUR,0.8152,0.8193,0.8107,0.8177,0,0,0,1,FX,NFX
06-Jun-2005,USDEUR,0.8178,0.8184,0.8133,0.8156,0,0,0,1,FX,NFX
07-Jun-2005,USDEUR,0.8158,0.817,0.812,0.8139,0,0,0,1,FX,NFX
08-Jun-2005,USDEUR,0.8138,0.8192,0.8096,0.8173,0,0,0,1,FX,NFX
09-Jun-2005,USDEUR,0.8175,0.8212,0.816,0.8175,0,0,0,1,FX,NFX
10-Jun-2005,USDEUR,0.8177,0.8259,0.8164,0.8252,0,0,0,1,FX,NFX
13-Jun-2005,USDEUR,0.8257,0.8313,0.8249,0.8256,0,0,0,1,FX,NFX
14-Jun-2005,USDEUR,0.8259,0.8317,0.8229,0.8313,0,0,0,1,FX,NFX
15-Jun-2005,USDEUR,0.8312,0.8321,0.8243,0.8252,0,0,0,1,FX,NFX
16-Jun-2005,USDEUR,0.8254,0.8292,0.822,0.826,0,0,0,1,FX,NFX
17-Jun-2005,USDEUR,0.8258,0.827,0.8137,0.8138,0,0,0,1,FX,NFX
20-Jun-2005,USDEUR,0.8184,0.8246,0.817,0.8231,0,0,0,1,FX,NFX
21-Jun-2005,USDEUR,0.8227,0.8284,0.8205,0.8207,0,0,0,1,FX,NFX
22-Jun-2005,USDEUR,0.8208,0.8266,0.8195,0.8245,0,0,0,1,FX,NFX
23-Jun-2005,USDEUR,0.8244,0.8318,0.8236,0.8304,0,0,0,1,FX,NFX
24-Jun-2005,USDEUR,0.8307,0.8343,0.8259,0.8265,0,0,0,1,FX,NFX
27-Jun-2005,USDEUR,0.827,0.827,0.8206,0.8225,0,0,0,1,FX,NFX
28-Jun-2005,USDEUR,0.8222,0.8297,0.8212,0.8297,0,0,0,1,FX,NFX
29-Jun-2005,USDEUR,0.8297,0.8322,0.8256,0.8284,0,0,0,1,FX,NFX
30-Jun-2005,USDEUR,0.8285,0.8304,0.8254,0.8261,0,0,0,1,FX,NFX
01-Jul-2005,USDEUR,0.826,0.8375,0.8259,0.8364,0,0,0,1,FX,NFX
04-Jul-2005,USDEUR,0.8373,0.8409,0.8369,0.8402,0,0,0,1,FX,NFX
05-Jul-2005,USDEUR,0.8403,0.8425,0.8377,0.8393,0,0,0,1,FX,NFX
06-Jul-2005,USDEUR,0.8395,0.8408,0.8369,0.8382,0,0,0,1,FX,NFX
07-Jul-2005,USDEUR,0.838,0.8397,0.8309,0.837,0,0,0,1,FX,NFX
08-Jul-2005,USDEUR,0.8368,0.842,0.8343,0.8357,0,0,0,1,FX,NFX
11-Jul-2005,USDEUR,0.8355,0.8362,0.8273,0.8282,0,0,0,1,FX,NFX
12-Jul-2005,USDEUR,0.8282,0.8297,0.816,0.817,0,0,0,1,FX,NFX
13-Jul-2005,USDEUR,0.8168,0.8282,0.8166,0.827,0,0,0,1,FX,NFX
14-Jul-2005,USDEUR,0.8269,0.8294,0.8246,0.8277,0,0,0,1,FX,NFX
15-Jul-2005,USDEUR,0.8275,0.8316,0.8238,0.8305,0,0,0,1,FX,NFX
18-Jul-2005,USDEUR,0.8313,0.8319,0.8272,0.8297,0,0,0,1,FX,NFX
19-Jul-2005,USDEUR,0.8297,0.8364,0.8288,0.8308,0,0,0,1,FX,NFX
20-Jul-2005,USDEUR,0.8309,0.8333,0.8206,0.8234,0,0,0,1,FX,NFX
21-Jul-2005,USDEUR,0.8238,0.8263,0.8161,0.8217,0,0,0,1,FX,NFX
22-Jul-2005,USDEUR,0.8216,0.8295,0.8203,0.8291,0,0,0,1,FX,NFX
25-Jul-2005,USDEUR,0.8294,0.8314,0.8273,0.8292,0,0,0,1,FX,NFX
26-Jul-2005,USDEUR,0.8292,0.8346,0.8284,0.8323,0,0,0,1,FX,NFX
27-Jul-2005,USDEUR,0.8324,0.8356,0.8274,0.8285,0,0,0,1,FX,NFX
28-Jul-2005,USDEUR,0.8285,0.8307,0.823,0.8241,0,0,0,1,FX,NFX
29-Jul-2005,USDEUR,0.8238,0.8281,0.8223,0.8246,0,0,0,1,FX,NFX
01-Aug-2005,USDEUR,0.8248,0.8252,0.8167,0.8206,0,0,0,1,FX,NFX
02-Aug-2005,USDEUR,0.8211,0.8216,0.8163,0.8202,0,0,0,1,FX,NFX
03-Aug-2005,USDEUR,0.8203,0.823,0.81,0.8105,0,0,0,1,FX,NFX
04-Aug-2005,USDEUR,0.8106,0.8127,0.8063,0.8072,0,0,0,1,FX,NFX
05-Aug-2005,USDEUR,0.8076,0.8122,0.8068,0.8095,0,0,0,1,FX,NFX
08-Aug-2005,USDEUR,0.8097,0.8119,0.807,0.8098,0,0,0,1,FX,NFX
09-Aug-2005,USDEUR,0.8096,0.8109,0.8054,0.8083,0,0,0,1,FX,NFX
10-Aug-2005,USDEUR,0.8083,0.8105,0.8049,0.808,0,0,0,1,FX,NFX
11-Aug-2005,USDEUR,0.8076,0.8079,0.8015,0.8018,0,0,0,1,FX,NFX
12-Aug-2005,USDEUR,0.8019,0.8073,0.8008,0.8041,0,0,0,1,FX,NFX
15-Aug-2005,USDEUR,0.8037,0.8101,0.8032,0.8086,0,0,0,1,FX,NFX
16-Aug-2005,USDEUR,0.8085,0.8131,0.808,0.8088,0,0,0,1,FX,NFX
17-Aug-2005,USDEUR,0.8088,0.8156,0.8085,0.8147,0,0,0,1,FX,NFX
18-Aug-2005,USDEUR,0.8151,0.8225,0.8133,0.8213,0,0,0,1,FX,NFX
19-Aug-2005,USDEUR,0.8214,0.8246,0.8199,0.8226,0,0,0,1,FX,NFX
22-Aug-2005,USDEUR,0.8219,0.8225,0.8168,0.8178,0,0,0,1,FX,NFX
23-Aug-2005,USDEUR,0.8178,0.8202,0.8161,0.8172,0,0,0,1,FX,NFX
24-Aug-2005,USDEUR,0.8173,0.8221,0.8143,0.8148,0,0,0,1,FX,NFX
25-Aug-2005,USDEUR,0.8148,0.8159,0.8113,0.8129,0,0,0,1,FX,NFX
26-Aug-2005,USDEUR,0.813,0.8148,0.8104,0.8139,0,0,0,1,FX,NFX
29-Aug-2005,USDEUR,0.8131,0.8185,0.8099,0.8176,0,0,0,1,FX,NFX
30-Aug-2005,USDEUR,0.8174,0.8217,0.8169,0.8182,0,0,0,1,FX,NFX
31-Aug-2005,USDEUR,0.8184,0.8204,0.8092,0.81,0,0,0,1,FX,NFX
01-Sep-2005,USDEUR,0.8099,0.8113,0.7986,0.8002,0,0,0,1,FX,NFX
02-Sep-2005,USDEUR,0.8002,0.8021,0.7942,0.7979,0,0,0,1,FX,NFX
05-Sep-2005,USDEUR,0.7977,0.7991,0.7945,0.7973,0,0,0,1,FX,NFX
06-Sep-2005,USDEUR,0.7973,0.8036,0.797,0.8022,0,0,0,1,FX,NFX
07-Sep-2005,USDEUR,0.8019,0.806,0.7976,0.8052,0,0,0,1,FX,NFX
08-Sep-2005,USDEUR,0.8055,0.8075,0.8031,0.8068,0,0,0,1,FX,NFX
09-Sep-2005,USDEUR,0.8065,0.808,0.8026,0.8057,0,0,0,1,FX,NFX
12-Sep-2005,USDEUR,0.8062,0.8149,0.8054,0.8141,0,0,0,1,FX,NFX
13-Sep-2005,USDEUR,0.8138,0.8164,0.812,0.8151,0,0,0,1,FX,NFX
14-Sep-2005,USDEUR,0.8152,0.8158,0.8111,0.8138,0,0,0,1,FX,NFX
15-Sep-2005,USDEUR,0.8139,0.82,0.8137,0.8185,0,0,0,1,FX,NFX
16-Sep-2005,USDEUR,0.8181,0.8196,0.8124,0.8171,0,0,0,1,FX,NFX
19-Sep-2005,USDEUR,0.8217,0.8262,0.8213,0.8234,0,0,0,1,FX,NFX
20-Sep-2005,USDEUR,0.8237,0.8256,0.8205,0.8254,0,0,0,1,FX,NFX
21-Sep-2005,USDEUR,0.8254,0.8257,0.817,0.8185,0,0,0,1,FX,NFX
22-Sep-2005,USDEUR,0.8188,0.8242,0.8151,0.8226,0,0,0,1,FX,NFX
23-Sep-2005,USDEUR,0.8227,0.8306,0.8221,0.8304,0,0,0,1,FX,NFX
26-Sep-2005,USDEUR,0.8312,0.8325,0.8277,0.8283,0,0,0,1,FX,NFX
27-Sep-2005,USDEUR,0.8284,0.8348,0.8277,0.8325,0,0,0,1,FX,NFX
28-Sep-2005,USDEUR,0.8324,0.8338,0.8297,0.8308,0,0,0,1,FX,NFX
29-Sep-2005,USDEUR,0.8309,0.8328,0.8282,0.8309,0,0,0,1,FX,NFX
30-Sep-2005,USDEUR,0.8312,0.8334,0.8271,0.8315,0,0,0,1,FX,NFX
03-Oct-2005,USDEUR,0.8316,0.8402,0.831,0.8392,0,0,0,1,FX,NFX
04-Oct-2005,USDEUR,0.839,0.8402,0.837,0.8388,0,0,0,1,FX,NFX
05-Oct-2005,USDEUR,0.8391,0.8393,0.8342,0.835,0,0,0,1,FX,NFX
06-Oct-2005,USDEUR,0.8351,0.8354,0.8193,0.8209,0,0,0,1,FX,NFX
07-Oct-2005,USDEUR,0.8211,0.8267,0.8202,0.8247,0,0,0,1,FX,NFX
10-Oct-2005,USDEUR,0.8254,0.8306,0.8228,0.8286,0,0,0,1,FX,NFX
11-Oct-2005,USDEUR,0.8288,0.8351,0.8284,0.8338,0,0,0,1,FX,NFX
12-Oct-2005,USDEUR,0.8338,0.8365,0.8296,0.8316,0,0,0,1,FX,NFX
13-Oct-2005,USDEUR,0.8317,0.8393,0.8308,0.8317,0,0,0,1,FX,NFX
14-Oct-2005,USDEUR,0.8316,0.8346,0.826,0.8281,0,0,0,1,FX,NFX
17-Oct-2005,USDEUR,0.8277,0.8325,0.8251,0.8317,0,0,0,1,FX,NFX
18-Oct-2005,USDEUR,0.8315,0.8392,0.8313,0.8363,0,0,0,1,FX,NFX
19-Oct-2005,USDEUR,0.8363,0.8421,0.8332,0.8339,0,0,0,1,FX,NFX
20-Oct-2005,USDEUR,0.8338,0.8368,0.8317,0.8318,0,0,0,1,FX,NFX
21-Oct-2005,USDEUR,0.8317,0.8381,0.828,0.8367,0,0,0,1,FX,NFX
24-Oct-2005,USDEUR,0.8376,0.8387,0.8319,0.834,0,0,0,1,FX,NFX
25-Oct-2005,USDEUR,0.8343,0.8377,0.8253,0.826,0,0,0,1,FX,NFX
26-Oct-2005,USDEUR,0.826,0.8298,0.8238,0.8287,0,0,0,1,FX,NFX
27-Oct-2005,USDEUR,0.8286,0.8303,0.8216,0.8236,0,0,0,1,FX,NFX
28-Oct-2005,USDEUR,0.8224,0.8298,0.8216,0.8288,0,0,0,1,FX,NFX
31-Oct-2005,USDEUR,0.8292,0.8354,0.8273,0.8339,0,0,0,1,FX,NFX
01-Nov-2005,USDEUR,0.8339,0.8352,0.8315,0.8318,0,0,0,1,FX,NFX
02-Nov-2005,USDEUR,0.8321,0.8341,0.8276,0.8285,0,0,0,1,FX,NFX
03-Nov-2005,USDEUR,0.8283,0.8378,0.8278,0.837,0,0,0,1,FX,NFX
04-Nov-2005,USDEUR,0.8372,0.8471,0.8338,0.8465,0,0,0,1,FX,NFX
07-Nov-2005,USDEUR,0.8467,0.8491,0.8453,0.8473,0,0,0,1,FX,NFX
08-Nov-2005,USDEUR,0.8474,0.8539,0.8472,0.8486,0,0,0,1,FX,NFX
09-Nov-2005,USDEUR,0.849,0.8533,0.848,0.85,0,0,0,1,FX,NFX
10-Nov-2005,USDEUR,0.8501,0.8563,0.8479,0.8559,0,0,0,1,FX,NFX
11-Nov-2005,USDEUR,0.8557,0.8568,0.8523,0.8531,0,0,0,1,FX,NFX
14-Nov-2005,USDEUR,0.8532,0.8575,0.8494,0.8555,0,0,0,1,FX,NFX
15-Nov-2005,USDEUR,0.8557,0.859,0.8525,0.8533,0,0,0,1,FX,NFX
16-Nov-2005,USDEUR,0.8534,0.8586,0.8519,0.8572,0,0,0,1,FX,NFX
17-Nov-2005,USDEUR,0.8569,0.8588,0.8501,0.8512,0,0,0,1,FX,NFX
18-Nov-2005,USDEUR,0.8511,0.8572,0.848,0.8497,0,0,0,1,FX,NFX
21-Nov-2005,USDEUR,0.8493,0.8534,0.8448,0.8528,0,0,0,1,FX,NFX
22-Nov-2005,USDEUR,0.8527,0.8556,0.8457,0.8463,0,0,0,1,FX,NFX
23-Nov-2005,USDEUR,0.8465,0.85,0.8434,0.8457,0,0,0,1,FX,NFX
24-Nov-2005,USDEUR,0.8459,0.8495,0.8457,0.8483,0,0,0,1,FX,NFX
25-Nov-2005,USDEUR,0.8483,0.854,0.848,0.8526,0,0,0,1,FX,NFX
28-Nov-2005,USDEUR,0.8538,0.8561,0.8403,0.8442,0,0,0,1,FX,NFX
29-Nov-2005,USDEUR,0.8438,0.8518,0.843,0.8491,0,0,0,1,FX,NFX
30-Nov-2005,USDEUR,0.8488,0.8506,0.8473,0.8482,0,0,0,1,FX,NFX
01-Dec-2005,USDEUR,0.8483,0.8554,0.8474,0.8523,0,0,0,1,FX,NFX
02-Dec-2005,USDEUR,0.852,0.8573,0.8513,0.8535,0,0,0,1,FX,NFX
05-Dec-2005,USDEUR,0.8547,0.8556,0.8461,0.8481,0,0,0,1,FX,NFX
06-Dec-2005,USDEUR,0.8483,0.8506,0.8469,0.8488,0,0,0,1,FX,NFX
07-Dec-2005,USDEUR,0.8489,0.8543,0.8473,0.8529,0,0,0,1,FX,NFX
08-Dec-2005,USDEUR,0.853,0.8543,0.8439,0.8461,0,0,0,1,FX,NFX
09-Dec-2005,USDEUR,0.8462,0.8498,0.8448,0.8465,0,0,0,1,FX,NFX
12-Dec-2005,USDEUR,0.8489,0.8491,0.8346,0.8366,0,0,0,1,FX,NFX
13-Dec-2005,USDEUR,0.8366,0.8399,0.8342,0.8373,0,0,0,1,FX,NFX
14-Dec-2005,USDEUR,0.8372,0.8381,0.8293,0.8332,0,0,0,1,FX,NFX
15-Dec-2005,USDEUR,0.8334,0.8377,0.8304,0.8349,0,0,0,1,FX,NFX
16-Dec-2005,USDEUR,0.8348,0.8377,0.8315,0.8326,0,0,0,1,FX,NFX
19-Dec-2005,USDEUR,0.8316,0.835,0.8306,0.833,0,0,0,1,FX,NFX
20-Dec-2005,USDEUR,0.8329,0.8446,0.8324,0.8432,0,0,0,1,FX,NFX
21-Dec-2005,USDEUR,0.8433,0.8473,0.8395,0.8449,0,0,0,1,FX,NFX
22-Dec-2005,USDEUR,0.8449,0.8466,0.8406,0.8424,0,0,0,1,FX,NFX
23-Dec-2005,USDEUR,0.8426,0.8452,0.8413,0.8422,0,0,0,1,FX,NFX
26-Dec-2005,USDEUR,0.843,0.8451,0.8408,0.8432,0,0,0,1,FX,NFX
27-Dec-2005,USDEUR,0.8445,0.8455,0.8419,0.8455,0,0,0,1,FX,NFX
28-Dec-2005,USDEUR,0.8456,0.8465,0.8381,0.8451,0,0,0,1,FX,NFX
29-Dec-2005,USDEUR,0.8451,0.846,0.8418,0.8446,0,0,0,1,FX,NFX
30-Dec-2005,USDEUR,0.8446,0.8489,0.8411,0.8441,0,0,0,1,FX,NFX
02-Jan-2006,USDEUR,0.8439,0.8472,0.8428,0.8458,0,0,0,1,FX,NFX
03-Jan-2006,USDEUR,0.846,0.8466,0.8313,0.8323,0,0,0,1,FX,NFX
04-Jan-2006,USDEUR,0.8321,0.8332,0.8235,0.8251,0,0,0,1,FX,NFX
05-Jan-2006,USDEUR,0.8252,0.8286,0.825,0.8257,0,0,0,1,FX,NFX
06-Jan-2006,USDEUR,0.8258,0.8277,0.8215,0.8227,0,0,0,1,FX,NFX
09-Jan-2006,USDEUR,0.8231,0.8296,0.8228,0.8274,0,0,0,1,FX,NFX
10-Jan-2006,USDEUR,0.8273,0.8307,0.8259,0.8289,0,0,0,1,FX,NFX
11-Jan-2006,USDEUR,0.8288,0.8301,0.8235,0.8246,0,0,0,1,FX,NFX
12-Jan-2006,USDEUR,0.8246,0.8327,0.8222,0.831,0,0,0,1,FX,NFX
13-Jan-2006,USDEUR,0.8309,0.8314,0.8236,0.8238,0,0,0,1,FX,NFX
16-Jan-2006,USDEUR,0.8232,0.8259,0.8215,0.8248,0,0,0,1,FX,NFX
17-Jan-2006,USDEUR,0.8246,0.8298,0.8237,0.8261,0,0,0,1,FX,NFX
18-Jan-2006,USDEUR,0.826,0.8284,0.8228,0.8252,0,0,0,1,FX,NFX
19-Jan-2006,USDEUR,0.8256,0.8294,0.8248,0.8265,0,0,0,1,FX,NFX
20-Jan-2006,USDEUR,0.8265,0.8303,0.8236,0.8239,0,0,0,1,FX,NFX
23-Jan-2006,USDEUR,0.8235,0.8238,0.8122,0.8126,0,0,0,1,FX,NFX
24-Jan-2006,USDEUR,0.8126,0.8158,0.8115,0.8145,0,0,0,1,FX,NFX
25-Jan-2006,USDEUR,0.8144,0.8173,0.8116,0.8171,0,0,0,1,FX,NFX
26-Jan-2006,USDEUR,0.817,0.8196,0.8151,0.8194,0,0,0,1,FX,NFX
27-Jan-2006,USDEUR,0.8192,0.8273,0.8174,0.8269,0,0,0,1,FX,NFX
30-Jan-2006,USDEUR,0.8261,0.8289,0.8255,0.827,0,0,0,1,FX,NFX
31-Jan-2006,USDEUR,0.8271,0.8279,0.8204,0.8225,0,0,0,1,FX,NFX
01-Feb-2006,USDEUR,0.8227,0.8299,0.822,0.8289,0,0,0,1,FX,NFX
02-Feb-2006,USDEUR,0.8288,0.831,0.826,0.8269,0,0,0,1,FX,NFX
03-Feb-2006,USDEUR,0.8271,0.8352,0.8258,0.8314,0,0,0,1,FX,NFX
06-Feb-2006,USDEUR,0.8307,0.8371,0.8302,0.8356,0,0,0,1,FX,NFX
07-Feb-2006,USDEUR,0.8356,0.8371,0.8323,0.8347,0,0,0,1,FX,NFX
08-Feb-2006,USDEUR,0.8347,0.8386,0.8336,0.836,0,0,0,1,FX,NFX
09-Feb-2006,USDEUR,0.836,0.8369,0.8337,0.8346,0,0,0,1,FX,NFX
10-Feb-2006,USDEUR,0.8347,0.8408,0.8315,0.8399,0,0,0,1,FX,NFX
13-Feb-2006,USDEUR,0.8402,0.8417,0.839,0.8403,0,0,0,1,FX,NFX
14-Feb-2006,USDEUR,0.8407,0.8431,0.8387,0.8393,0,0,0,1,FX,NFX
15-Feb-2006,USDEUR,0.8393,0.8422,0.8368,0.841,0,0,0,1,FX,NFX
16-Feb-2006,USDEUR,0.8411,0.8438,0.8397,0.84,0,0,0,1,FX,NFX
17-Feb-2006,USDEUR,0.8399,0.8432,0.8373,0.8379,0,0,0,1,FX,NFX
20-Feb-2006,USDEUR,0.8383,0.8388,0.8351,0.8379,0,0,0,1,FX,NFX
21-Feb-2006,USDEUR,0.8377,0.8409,0.8374,0.8394,0,0,0,1,FX,NFX
22-Feb-2006,USDEUR,0.8396,0.843,0.8383,0.8396,0,0,0,1,FX,NFX
23-Feb-2006,USDEUR,0.8393,0.8408,0.8355,0.8391,0,0,0,1,FX,NFX
24-Feb-2006,USDEUR,0.8391,0.8429,0.8379,0.8421,0,0,0,1,FX,NFX
27-Feb-2006,USDEUR,0.8425,0.8455,0.8419,0.8441,0,0,0,1,FX,NFX
28-Feb-2006,USDEUR,0.8441,0.8449,0.8375,0.8388,0,0,0,1,FX,NFX
01-Mar-2006,USDEUR,0.8389,0.8409,0.8352,0.8391,0,0,0,1,FX,NFX
02-Mar-2006,USDEUR,0.8388,0.8395,0.8302,0.8307,0,0,0,1,FX,NFX
03-Mar-2006,USDEUR,0.8304,0.8335,0.8298,0.8303,0,0,0,1,FX,NFX
06-Mar-2006,USDEUR,0.8298,0.8339,0.827,0.832,0,0,0,1,FX,NFX
07-Mar-2006,USDEUR,0.8321,0.8425,0.8318,0.8414,0,0,0,1,FX,NFX
08-Mar-2006,USDEUR,0.8412,0.8422,0.8375,0.8385,0,0,0,1,FX,NFX
09-Mar-2006,USDEUR,0.8385,0.8401,0.8366,0.8397,0,0,0,1,FX,NFX
10-Mar-2006,USDEUR,0.8397,0.8431,0.8383,0.8394,0,0,0,1,FX,NFX
13-Mar-2006,USDEUR,0.8396,0.8396,0.8355,0.8362,0,0,0,1,FX,NFX
14-Mar-2006,USDEUR,0.836,0.8375,0.8312,0.8325,0,0,0,1,FX,NFX
15-Mar-2006,USDEUR,0.8325,0.8328,0.8282,0.8286,0,0,0,1,FX,NFX
16-Mar-2006,USDEUR,0.8286,0.8308,0.8204,0.821,0,0,0,1,FX,NFX
17-Mar-2006,USDEUR,0.8208,0.8235,0.8191,0.8206,0,0,0,1,FX,NFX
20-Mar-2006,USDEUR,0.8209,0.8231,0.8199,0.8219,0,0,0,1,FX,NFX
21-Mar-2006,USDEUR,0.8222,0.8279,0.8221,0.8269,0,0,0,1,FX,NFX
22-Mar-2006,USDEUR,0.827,0.8288,0.8255,0.8282,0,0,0,1,FX,NFX
23-Mar-2006,USDEUR,0.828,0.8364,0.8277,0.8355,0,0,0,1,FX,NFX
24-Mar-2006,USDEUR,0.8353,0.8365,0.8302,0.8307,0,0,0,1,FX,NFX
27-Mar-2006,USDEUR,0.8308,0.833,0.8293,0.8324,0,0,0,1,FX,NFX
28-Mar-2006,USDEUR,0.8322,0.8338,0.8261,0.8335,0,0,0,1,FX,NFX
29-Mar-2006,USDEUR,0.8333,0.8347,0.8299,0.8315,0,0,0,1,FX,NFX
30-Mar-2006,USDEUR,0.8316,0.8318,0.8215,0.8223,0,0,0,1,FX,NFX
31-Mar-2006,USDEUR,0.822,0.8275,0.8213,0.8255,0,0,0,1,FX,NFX
03-Apr-2006,USDEUR,0.8254,0.8309,0.8232,0.8235,0,0,0,1,FX,NFX
04-Apr-2006,USDEUR,0.824,0.825,0.8146,0.8158,0,0,0,1,FX,NFX
05-Apr-2006,USDEUR,0.8159,0.8168,0.8126,0.8138,0,0,0,1,FX,NFX
06-Apr-2006,USDEUR,0.8137,0.8197,0.8111,0.818,0,0,0,1,FX,NFX
07-Apr-2006,USDEUR,0.8177,0.8271,0.8175,0.8269,0,0,0,1,FX,NFX
10-Apr-2006,USDEUR,0.826,0.8281,0.8245,0.8258,0,0,0,1,FX,NFX
11-Apr-2006,USDEUR,0.8256,0.827,0.8228,0.8234,0,0,0,1,FX,NFX
12-Apr-2006,USDEUR,0.8234,0.8286,0.8217,0.826,0,0,0,1,FX,NFX
13-Apr-2006,USDEUR,0.8262,0.8285,0.8243,0.8256,0,0,0,1,FX,NFX
14-Apr-2006,USDEUR,0.8255,0.8269,0.8252,0.8261,0,0,0,1,FX,NFX
17-Apr-2006,USDEUR,0.8248,0.825,0.8139,0.8163,0,0,0,1,FX,NFX
18-Apr-2006,USDEUR,0.8164,0.818,0.8092,0.81,0,0,0,1,FX,NFX
19-Apr-2006,USDEUR,0.8099,0.8139,0.8068,0.8078,0,0,0,1,FX,NFX
20-Apr-2006,USDEUR,0.8077,0.8138,0.8075,0.8121,0,0,0,1,FX,NFX
21-Apr-2006,USDEUR,0.8119,0.815,0.8092,0.8105,0,0,0,1,FX,NFX
24-Apr-2006,USDEUR,0.8085,0.8107,0.8055,0.8069,0,0,0,1,FX,NFX
25-Apr-2006,USDEUR,0.8073,0.8087,0.804,0.8043,0,0,0,1,FX,NFX
26-Apr-2006,USDEUR,0.8045,0.8073,0.8019,0.8031,0,0,0,1,FX,NFX
27-Apr-2006,USDEUR,0.8031,0.8061,0.797,0.7978,0,0,0,1,FX,NFX
28-Apr-2006,USDEUR,0.7982,0.7986,0.7912,0.7915,0,0,0,1,FX,NFX
01-May-2006,USDEUR,0.7916,0.7964,0.7881,0.7945,0,0,0,1,FX,NFX
02-May-2006,USDEUR,0.7946,0.7961,0.7895,0.7927,0,0,0,1,FX,NFX
03-May-2006,USDEUR,0.7929,0.7941,0.7893,0.7917,0,0,0,1,FX,NFX
04-May-2006,USDEUR,0.7915,0.7954,0.7859,0.7877,0,0,0,1,FX,NFX
05-May-2006,USDEUR,0.7879,0.789,0.7835,0.7857,0,0,0,1,FX,NFX
08-May-2006,USDEUR,0.7851,0.7878,0.782,0.787,0,0,0,1,FX,NFX
09-May-2006,USDEUR,0.7868,0.7897,0.7823,0.7837,0,0,0,1,FX,NFX
10-May-2006,USDEUR,0.7837,0.7842,0.7795,0.7823,0,0,0,1,FX,NFX
11-May-2006,USDEUR,0.7823,0.7882,0.7769,0.7788,0,0,0,1,FX,NFX
12-May-2006,USDEUR,0.7792,0.7794,0.7721,0.7738,0,0,0,1,FX,NFX
15-May-2006,USDEUR,0.7724,0.7826,0.7709,0.7818,0,0,0,1,FX,NFX
16-May-2006,USDEUR,0.7816,0.783,0.7772,0.7776,0,0,0,1,FX,NFX
17-May-2006,USDEUR,0.7777,0.7872,0.7742,0.7847,0,0,0,1,FX,NFX
18-May-2006,USDEUR,0.7848,0.786,0.7777,0.7785,0,0,0,1,FX,NFX
19-May-2006,USDEUR,0.7786,0.7875,0.7768,0.7825,0,0,0,1,FX,NFX
22-May-2006,USDEUR,0.7838,0.7877,0.7761,0.7771,0,0,0,1,FX,NFX
23-May-2006,USDEUR,0.7772,0.7807,0.7766,0.7798,0,0,0,1,FX,NFX
24-May-2006,USDEUR,0.7803,0.7854,0.7758,0.7839,0,0,0,1,FX,NFX
25-May-2006,USDEUR,0.784,0.7844,0.7802,0.7812,0,0,0,1,FX,NFX
26-May-2006,USDEUR,0.7813,0.7873,0.7793,0.7851,0,0,0,1,FX,NFX
29-May-2006,USDEUR,0.7854,0.7862,0.7831,0.7846,0,0,0,1,FX,NFX
30-May-2006,USDEUR,0.7843,0.7849,0.7748,0.7768,0,0,0,1,FX,NFX
31-May-2006,USDEUR,0.777,0.7809,0.7752,0.7808,0,0,0,1,FX,NFX
01-Jun-2006,USDEUR,0.7807,0.7859,0.7797,0.781,0,0,0,1,FX,NFX
02-Jun-2006,USDEUR,0.781,0.7815,0.7728,0.7738,0,0,0,1,FX,NFX
05-Jun-2006,USDEUR,0.773,0.7749,0.7706,0.7748,0,0,0,1,FX,NFX
06-Jun-2006,USDEUR,0.7749,0.7807,0.7732,0.7795,0,0,0,1,FX,NFX
07-Jun-2006,USDEUR,0.7792,0.7836,0.779,0.7821,0,0,0,1,FX,NFX
08-Jun-2006,USDEUR,0.7821,0.7918,0.7805,0.7905,0,0,0,1,FX,NFX
09-Jun-2006,USDEUR,0.7904,0.7937,0.7888,0.791,0,0,0,1,FX,NFX
12-Jun-2006,USDEUR,0.7922,0.7956,0.7905,0.7944,0,0,0,1,FX,NFX
13-Jun-2006,USDEUR,0.7945,0.798,0.7928,0.7979,0,0,0,1,FX,NFX
14-Jun-2006,USDEUR,0.7979,0.7979,0.7908,0.7938,0,0,0,1,FX,NFX
15-Jun-2006,USDEUR,0.7938,0.7947,0.79,0.7915,0,0,0,1,FX,NFX
16-Jun-2006,USDEUR,0.7914,0.7925,0.7892,0.7911,0,0,0,1,FX,NFX
19-Jun-2006,USDEUR,0.7906,0.7966,0.7904,0.795,0,0,0,1,FX,NFX
20-Jun-2006,USDEUR,0.7951,0.7975,0.7926,0.7948,0,0,0,1,FX,NFX
21-Jun-2006,USDEUR,0.795,0.7952,0.7886,0.7899,0,0,0,1,FX,NFX
22-Jun-2006,USDEUR,0.7898,0.7967,0.7885,0.795,0,0,0,1,FX,NFX
23-Jun-2006,USDEUR,0.795,0.8014,0.7943,0.7993,0,0,0,1,FX,NFX
26-Jun-2006,USDEUR,0.799,0.7999,0.7935,0.7949,0,0,0,1,FX,NFX
27-Jun-2006,USDEUR,0.7949,0.796,0.7925,0.7949,0,0,0,1,FX,NFX
28-Jun-2006,USDEUR,0.7951,0.7988,0.7943,0.7965,0,0,0,1,FX,NFX
29-Jun-2006,USDEUR,0.7964,0.7987,0.7896,0.7899,0,0,0,1,FX,NFX
30-Jun-2006,USDEUR,0.7896,0.7901,0.7815,0.7818,0,0,0,1,FX,NFX
03-Jul-2006,USDEUR,0.782,0.7836,0.7799,0.7811,0,0,0,1,FX,NFX
04-Jul-2006,USDEUR,0.781,0.7821,0.7799,0.7814,0,0,0,1,FX,NFX
05-Jul-2006,USDEUR,0.7813,0.7869,0.779,0.7859,0,0,0,1,FX,NFX
06-Jul-2006,USDEUR,0.7859,0.7863,0.7822,0.7825,0,0,0,1,FX,NFX
07-Jul-2006,USDEUR,0.7824,0.7833,0.7776,0.7807,0,0,0,1,FX,NFX
10-Jul-2006,USDEUR,0.7805,0.7861,0.7804,0.7854,0,0,0,1,FX,NFX
11-Jul-2006,USDEUR,0.7857,0.787,0.7825,0.7827,0,0,0,1,FX,NFX
12-Jul-2006,USDEUR,0.7828,0.7887,0.7825,0.7873,0,0,0,1,FX,NFX
13-Jul-2006,USDEUR,0.7871,0.7895,0.7855,0.7879,0,0,0,1,FX,NFX
14-Jul-2006,USDEUR,0.788,0.792,0.7873,0.7903,0,0,0,1,FX,NFX
17-Jul-2006,USDEUR,0.7911,0.7993,0.7911,0.799,0,0,0,1,FX,NFX
18-Jul-2006,USDEUR,0.7989,0.8015,0.7962,0.7998,0,0,0,1,FX,NFX
19-Jul-2006,USDEUR,0.7997,0.8021,0.793,0.7944,0,0,0,1,FX,NFX
20-Jul-2006,USDEUR,0.7945,0.7945,0.7904,0.7915,0,0,0,1,FX,NFX
21-Jul-2006,USDEUR,0.7919,0.7921,0.7876,0.7878,0,0,0,1,FX,NFX
24-Jul-2006,USDEUR,0.7869,0.793,0.7868,0.7916,0,0,0,1,FX,NFX
25-Jul-2006,USDEUR,0.7915,0.7959,0.7893,0.795,0,0,0,1,FX,NFX
26-Jul-2006,USDEUR,0.7951,0.7961,0.7863,0.7866,0,0,0,1,FX,NFX
27-Jul-2006,USDEUR,0.7862,0.7885,0.7831,0.7875,0,0,0,1,FX,NFX
28-Jul-2006,USDEUR,0.7875,0.7899,0.7832,0.7837,0,0,0,1,FX,NFX
31-Jul-2006,USDEUR,0.7833,0.7848,0.7822,0.7831,0,0,0,1,FX,NFX
01-Aug-2006,USDEUR,0.7833,0.7862,0.7794,0.7796,0,0,0,1,FX,NFX
02-Aug-2006,USDEUR,0.7797,0.7826,0.7791,0.7821,0,0,0,1,FX,NFX
03-Aug-2006,USDEUR,0.782,0.7847,0.7792,0.781,0,0,0,1,FX,NFX
04-Aug-2006,USDEUR,0.7811,0.7826,0.7747,0.7766,0,0,0,1,FX,NFX
07-Aug-2006,USDEUR,0.7768,0.7794,0.7755,0.7789,0,0,0,1,FX,NFX
08-Aug-2006,USDEUR,0.7787,0.7809,0.7757,0.7793,0,0,0,1,FX,NFX
09-Aug-2006,USDEUR,0.7792,0.7834,0.7752,0.7775,0,0,0,1,FX,NFX
10-Aug-2006,USDEUR,0.7775,0.7844,0.7745,0.7817,0,0,0,1,FX,NFX
11-Aug-2006,USDEUR,0.7816,0.7864,0.7811,0.7859,0,0,0,1,FX,NFX
14-Aug-2006,USDEUR,0.7859,0.7869,0.7836,0.7867,0,0,0,1,FX,NFX
15-Aug-2006,USDEUR,0.7865,0.7875,0.7812,0.782,0,0,0,1,FX,NFX
16-Aug-2006,USDEUR,0.7822,0.783,0.7772,0.7787,0,0,0,1,FX,NFX
17-Aug-2006,USDEUR,0.7789,0.7806,0.776,0.7796,0,0,0,1,FX,NFX
18-Aug-2006,USDEUR,0.7796,0.7824,0.7785,0.7796,0,0,0,1,FX,NFX
21-Aug-2006,USDEUR,0.7796,0.7798,0.7729,0.7756,0,0,0,1,FX,NFX
22-Aug-2006,USDEUR,0.7756,0.7822,0.7754,0.7813,0,0,0,1,FX,NFX
23-Aug-2006,USDEUR,0.7811,0.7827,0.7782,0.7821,0,0,0,1,FX,NFX
24-Aug-2006,USDEUR,0.7821,0.7842,0.7789,0.7835,0,0,0,1,FX,NFX
25-Aug-2006,USDEUR,0.7834,0.7858,0.7822,0.7841,0,0,0,1,FX,NFX
28-Aug-2006,USDEUR,0.7834,0.784,0.7801,0.7825,0,0,0,1,FX,NFX
29-Aug-2006,USDEUR,0.7825,0.7842,0.7789,0.7799,0,0,0,1,FX,NFX
30-Aug-2006,USDEUR,0.7795,0.7805,0.778,0.7792,0,0,0,1,FX,NFX
31-Aug-2006,USDEUR,0.7792,0.7821,0.7764,0.7804,0,0,0,1,FX,NFX
01-Sep-2006,USDEUR,0.7804,0.784,0.7784,0.779,0,0,0,1,FX,NFX
04-Sep-2006,USDEUR,0.7787,0.7789,0.7764,0.7768,0,0,0,1,FX,NFX
05-Sep-2006,USDEUR,0.7768,0.7814,0.7767,0.7798,0,0,0,1,FX,NFX
06-Sep-2006,USDEUR,0.7803,0.783,0.7791,0.7809,0,0,0,1,FX,NFX
07-Sep-2006,USDEUR,0.7809,0.787,0.7792,0.7854,0,0,0,1,FX,NFX
08-Sep-2006,USDEUR,0.7855,0.7903,0.7846,0.7888,0,0,0,1,FX,NFX
11-Sep-2006,USDEUR,0.7892,0.7905,0.7851,0.7872,0,0,0,1,FX,NFX
12-Sep-2006,USDEUR,0.7873,0.789,0.7855,0.7882,0,0,0,1,FX,NFX
13-Sep-2006,USDEUR,0.7882,0.7894,0.7863,0.7879,0,0,0,1,FX,NFX
14-Sep-2006,USDEUR,0.7881,0.7888,0.7841,0.786,0,0,0,1,FX,NFX
15-Sep-2006,USDEUR,0.786,0.7915,0.785,0.7894,0,0,0,1,FX,NFX
18-Sep-2006,USDEUR,0.7909,0.7916,0.7867,0.7871,0,0,0,1,FX,NFX
19-Sep-2006,USDEUR,0.7872,0.7904,0.7858,0.7886,0,0,0,1,FX,NFX
20-Sep-2006,USDEUR,0.7887,0.7895,0.7856,0.7884,0,0,0,1,FX,NFX
21-Sep-2006,USDEUR,0.7882,0.7886,0.7813,0.7824,0,0,0,1,FX,NFX
22-Sep-2006,USDEUR,0.7826,0.7831,0.7794,0.7823,0,0,0,1,FX,NFX
25-Sep-2006,USDEUR,0.782,0.7853,0.7798,0.7846,0,0,0,1,FX,NFX
26-Sep-2006,USDEUR,0.7846,0.7896,0.7834,0.7881,0,0,0,1,FX,NFX
27-Sep-2006,USDEUR,0.788,0.7892,0.7863,0.7874,0,0,0,1,FX,NFX
28-Sep-2006,USDEUR,0.7874,0.7886,0.7852,0.7873,0,0,0,1,FX,NFX
29-Sep-2006,USDEUR,0.7872,0.7911,0.7863,0.7891,0,0,0,1,FX,NFX
02-Oct-2006,USDEUR,0.7884,0.7897,0.7839,0.785,0,0,0,1,FX,NFX
03-Oct-2006,USDEUR,0.7851,0.7861,0.7833,0.7855,0,0,0,1,FX,NFX
04-Oct-2006,USDEUR,0.7854,0.7893,0.7849,0.7866,0,0,0,1,FX,NFX
05-Oct-2006,USDEUR,0.7864,0.789,0.7859,0.7877,0,0,0,1,FX,NFX
06-Oct-2006,USDEUR,0.7877,0.7952,0.7873,0.7936,0,0,0,1,FX,NFX
09-Oct-2006,USDEUR,0.7941,0.7947,0.7927,0.7936,0,0,0,1,FX,NFX
10-Oct-2006,USDEUR,0.794,0.7987,0.7926,0.7975,0,0,0,1,FX,NFX
11-Oct-2006,USDEUR,0.7976,0.7998,0.7962,0.7991,0,0,0,1,FX,NFX
12-Oct-2006,USDEUR,0.7991,0.7992,0.7959,0.7965,0,0,0,1,FX,NFX
13-Oct-2006,USDEUR,0.7965,0.801,0.795,0.7992,0,0,0,1,FX,NFX
16-Oct-2006,USDEUR,0.799,0.8006,0.7974,0.7978,0,0,0,1,FX,NFX
17-Oct-2006,USDEUR,0.7979,0.7994,0.7956,0.7972,0,0,0,1,FX,NFX
18-Oct-2006,USDEUR,0.7972,0.7998,0.7961,0.798,0,0,0,1,FX,NFX
19-Oct-2006,USDEUR,0.798,0.7982,0.7911,0.7918,0,0,0,1,FX,NFX
20-Oct-2006,USDEUR,0.7921,0.7937,0.7909,0.7929,0,0,0,1,FX,NFX
23-Oct-2006,USDEUR,0.7926,0.7976,0.7923,0.7965,0,0,0,1,FX,NFX
24-Oct-2006,USDEUR,0.7967,0.7983,0.795,0.7962,0,0,0,1,FX,NFX
25-Oct-2006,USDEUR,0.7963,0.7968,0.7924,0.7935,0,0,0,1,FX,NFX
26-Oct-2006,USDEUR,0.7936,0.7937,0.7873,0.7878,0,0,0,1,FX,NFX
27-Oct-2006,USDEUR,0.7879,0.7897,0.7844,0.785,0,0,0,1,FX,NFX
30-Oct-2006,USDEUR,0.7854,0.7873,0.7851,0.7858,0,0,0,1,FX,NFX
31-Oct-2006,USDEUR,0.7859,0.7886,0.7823,0.7835,0,0,0,1,FX,NFX
01-Nov-2006,USDEUR,0.7836,0.7847,0.7815,0.784,0,0,0,1,FX,NFX
02-Nov-2006,USDEUR,0.7839,0.785,0.7821,0.7825,0,0,0,1,FX,NFX
03-Nov-2006,USDEUR,0.7826,0.7884,0.7821,0.7864,0,0,0,1,FX,NFX
06-Nov-2006,USDEUR,0.7863,0.7879,0.7855,0.7858,0,0,0,1,FX,NFX
07-Nov-2006,USDEUR,0.7859,0.7861,0.7802,0.7827,0,0,0,1,FX,NFX
08-Nov-2006,USDEUR,0.7827,0.7843,0.7809,0.7839,0,0,0,1,FX,NFX
09-Nov-2006,USDEUR,0.7839,0.7843,0.7783,0.7795,0,0,0,1,FX,NFX
10-Nov-2006,USDEUR,0.7795,0.7796,0.7752,0.779,0,0,0,1,FX,NFX
13-Nov-2006,USDEUR,0.7784,0.7814,0.7764,0.7809,0,0,0,1,FX,NFX
14-Nov-2006,USDEUR,0.781,0.7814,0.777,0.7806,0,0,0,1,FX,NFX
15-Nov-2006,USDEUR,0.7806,0.7828,0.7792,0.7795,0,0,0,1,FX,NFX
16-Nov-2006,USDEUR,0.7795,0.7821,0.7789,0.7815,0,0,0,1,FX,NFX
17-Nov-2006,USDEUR,0.7815,0.7835,0.7785,0.7795,0,0,0,1,FX,NFX
20-Nov-2006,USDEUR,0.7795,0.7809,0.7779,0.7802,0,0,0,1,FX,NFX
21-Nov-2006,USDEUR,0.7803,0.7813,0.778,0.7788,0,0,0,1,FX,NFX
22-Nov-2006,USDEUR,0.7785,0.7788,0.7715,0.7727,0,0,0,1,FX,NFX
23-Nov-2006,USDEUR,0.7726,0.7735,0.7707,0.7724,0,0,0,1,FX,NFX
24-Nov-2006,USDEUR,0.7725,0.7726,0.7628,0.7633,0,0,0,1,FX,NFX
27-Nov-2006,USDEUR,0.7595,0.7641,0.7595,0.7615,0,0,0,1,FX,NFX
28-Nov-2006,USDEUR,0.7614,0.7622,0.7571,0.7576,0,0,0,1,FX,NFX
29-Nov-2006,USDEUR,0.7576,0.7615,0.7566,0.7602,0,0,0,1,FX,NFX
30-Nov-2006,USDEUR,0.7602,0.7608,0.7533,0.7551,0,0,0,1,FX,NFX
01-Dec-2006,USDEUR,0.7552,0.7563,0.749,0.7497,0,0,0,1,FX,NFX
04-Dec-2006,USDEUR,0.7501,0.7528,0.7481,0.7497,0,0,0,1,FX,NFX
05-Dec-2006,USDEUR,0.7495,0.7524,0.7484,0.7508,0,0,0,1,FX,NFX
06-Dec-2006,USDEUR,0.7509,0.7543,0.7496,0.7529,0,0,0,1,FX,NFX
07-Dec-2006,USDEUR,0.7527,0.7532,0.7504,0.7526,0,0,0,1,FX,NFX
08-Dec-2006,USDEUR,0.7526,0.7578,0.7484,0.7577,0,0,0,1,FX,NFX
11-Dec-2006,USDEUR,0.7588,0.7615,0.7541,0.7555,0,0,0,1,FX,NFX
12-Dec-2006,USDEUR,0.7555,0.7563,0.7524,0.7528,0,0,0,1,FX,NFX
13-Dec-2006,USDEUR,0.7527,0.7579,0.7525,0.7568,0,0,0,1,FX,NFX
14-Dec-2006,USDEUR,0.7568,0.7611,0.7547,0.7608,0,0,0,1,FX,NFX
15-Dec-2006,USDEUR,0.7609,0.7656,0.7585,0.7644,0,0,0,1,FX,NFX
18-Dec-2006,USDEUR,0.7643,0.766,0.7624,0.7632,0,0,0,1,FX,NFX
19-Dec-2006,USDEUR,0.7636,0.7643,0.7565,0.758,0,0,0,1,FX,NFX
20-Dec-2006,USDEUR,0.7578,0.7599,0.7551,0.7592,0,0,0,1,FX,NFX
21-Dec-2006,USDEUR,0.7591,0.7609,0.7566,0.7591,0,0,0,1,FX,NFX
22-Dec-2006,USDEUR,0.7589,0.7627,0.7569,0.7611,0,0,0,1,FX,NFX
25-Dec-2006,USDEUR,0.761,0.7632,0.7563,0.7623,0,0,0,1,FX,NFX
26-Dec-2006,USDEUR,0.7621,0.7639,0.7556,0.7635,0,0,0,1,FX,NFX
27-Dec-2006,USDEUR,0.7635,0.7636,0.7589,0.7625,0,0,0,1,FX,NFX
28-Dec-2006,USDEUR,0.7625,0.763,0.7576,0.7605,0,0,0,1,FX,NFX
29-Dec-2006,USDEUR,0.7606,0.7611,0.7571,0.7574,0,0,0,1,FX,NFX
01-Jan-2007,USDEUR,0.7578,0.7586,0.757,0.7574,0,0,0,1,FX,NFX
02-Jan-2007,USDEUR,0.7573,0.7574,0.7521,0.7533,0,0,0,1,FX,NFX
03-Jan-2007,USDEUR,0.7535,0.7604,0.7524,0.7594,0,0,0,1,FX,NFX
04-Jan-2007,USDEUR,0.7593,0.7647,0.7586,0.7643,0,0,0,1,FX,NFX
05-Jan-2007,USDEUR,0.7644,0.7702,0.7631,0.7692,0,0,0,1,FX,NFX
08-Jan-2007,USDEUR,0.7684,0.7707,0.7671,0.768,0,0,0,1,FX,NFX
09-Jan-2007,USDEUR,0.7678,0.7699,0.7662,0.7692,0,0,0,1,FX,NFX
10-Jan-2007,USDEUR,0.7692,0.7733,0.769,0.773,0,0,0,1,FX,NFX
11-Jan-2007,USDEUR,0.7729,0.7762,0.7684,0.7755,0,0,0,1,FX,NFX
12-Jan-2007,USDEUR,0.7757,0.7772,0.7727,0.7741,0,0,0,1,FX,NFX
15-Jan-2007,USDEUR,0.7737,0.7742,0.7719,0.7729,0,0,0,1,FX,NFX
16-Jan-2007,USDEUR,0.7731,0.7748,0.7699,0.7739,0,0,0,1,FX,NFX
17-Jan-2007,USDEUR,0.7741,0.7752,0.7722,0.7728,0,0,0,1,FX,NFX
18-Jan-2007,USDEUR,0.7729,0.7752,0.7706,0.7715,0,0,0,1,FX,NFX
19-Jan-2007,USDEUR,0.7716,0.7742,0.7691,0.7714,0,0,0,1,FX,NFX
22-Jan-2007,USDEUR,0.7715,0.7738,0.7706,0.7723,0,0,0,1,FX,NFX
23-Jan-2007,USDEUR,0.7722,0.7734,0.7666,0.7678,0,0,0,1,FX,NFX
24-Jan-2007,USDEUR,0.7679,0.7722,0.7671,0.7711,0,0,0,1,FX,NFX
25-Jan-2007,USDEUR,0.7709,0.7743,0.7691,0.7733,0,0,0,1,FX,NFX
26-Jan-2007,USDEUR,0.7733,0.7758,0.7725,0.7742,0,0,0,1,FX,NFX
29-Jan-2007,USDEUR,0.774,0.7753,0.7712,0.7718,0,0,0,1,FX,NFX
30-Jan-2007,USDEUR,0.7718,0.7724,0.7703,0.7712,0,0,0,1,FX,NFX
31-Jan-2007,USDEUR,0.7711,0.7737,0.7671,0.7674,0,0,0,1,FX,NFX
01-Feb-2007,USDEUR,0.7673,0.7691,0.7665,0.7679,0,0,0,1,FX,NFX
02-Feb-2007,USDEUR,0.7679,0.7721,0.7657,0.7714,0,0,0,1,FX,NFX
05-Feb-2007,USDEUR,0.7715,0.7743,0.7712,0.7735,0,0,0,1,FX,NFX
06-Feb-2007,USDEUR,0.7735,0.7744,0.7699,0.7702,0,0,0,1,FX,NFX
07-Feb-2007,USDEUR,0.7701,0.7711,0.7679,0.7688,0,0,0,1,FX,NFX
08-Feb-2007,USDEUR,0.7686,0.7706,0.7665,0.7668,0,0,0,1,FX,NFX
09-Feb-2007,USDEUR,0.7668,0.7701,0.7664,0.769,0,0,0,1,FX,NFX
12-Feb-2007,USDEUR,0.7698,0.7726,0.767,0.7713,0,0,0,1,FX,NFX
13-Feb-2007,USDEUR,0.7713,0.772,0.7667,0.767,0,0,0,1,FX,NFX
14-Feb-2007,USDEUR,0.767,0.7678,0.7607,0.7616,0,0,0,1,FX,NFX
15-Feb-2007,USDEUR,0.7615,0.7622,0.7592,0.761,0,0,0,1,FX,NFX
16-Feb-2007,USDEUR,0.7612,0.7636,0.7606,0.761,0,0,0,1,FX,NFX
19-Feb-2007,USDEUR,0.76,0.762,0.7596,0.7601,0,0,0,1,FX,NFX
20-Feb-2007,USDEUR,0.7602,0.7616,0.7582,0.7611,0,0,0,1,FX,NFX
21-Feb-2007,USDEUR,0.7612,0.7625,0.7596,0.7611,0,0,0,1,FX,NFX
22-Feb-2007,USDEUR,0.7611,0.7644,0.7607,0.7619,0,0,0,1,FX,NFX
23-Feb-2007,USDEUR,0.7619,0.7631,0.7585,0.7591,0,0,0,1,FX,NFX
26-Feb-2007,USDEUR,0.7596,0.7604,0.7576,0.7584,0,0,0,1,FX,NFX
27-Feb-2007,USDEUR,0.7582,0.7598,0.7542,0.7551,0,0,0,1,FX,NFX
28-Feb-2007,USDEUR,0.7551,0.7586,0.7551,0.7559,0,0,0,1,FX,NFX
01-Mar-2007,USDEUR,0.7559,0.7598,0.755,0.7584,0,0,0,1,FX,NFX
02-Mar-2007,USDEUR,0.7583,0.7608,0.7574,0.7581,0,0,0,1,FX,NFX
05-Mar-2007,USDEUR,0.7575,0.765,0.7568,0.7639,0,0,0,1,FX,NFX
06-Mar-2007,USDEUR,0.764,0.7645,0.7616,0.7618,0,0,0,1,FX,NFX
07-Mar-2007,USDEUR,0.7619,0.7627,0.7584,0.7589,0,0,0,1,FX,NFX
08-Mar-2007,USDEUR,0.7589,0.7623,0.7585,0.7616,0,0,0,1,FX,NFX
09-Mar-2007,USDEUR,0.7615,0.7639,0.7599,0.7626,0,0,0,1,FX,NFX
12-Mar-2007,USDEUR,0.7625,0.7628,0.7575,0.7582,0,0,0,1,FX,NFX
13-Mar-2007,USDEUR,0.758,0.7601,0.7563,0.7578,0,0,0,1,FX,NFX
14-Mar-2007,USDEUR,0.7578,0.7588,0.755,0.7566,0,0,0,1,FX,NFX
15-Mar-2007,USDEUR,0.7566,0.7579,0.7548,0.7555,0,0,0,1,FX,NFX
16-Mar-2007,USDEUR,0.7554,0.7558,0.7497,0.7512,0,0,0,1,FX,NFX
19-Mar-2007,USDEUR,0.751,0.7529,0.7504,0.7517,0,0,0,1,FX,NFX
20-Mar-2007,USDEUR,0.7519,0.7534,0.7505,0.7506,0,0,0,1,FX,NFX
21-Mar-2007,USDEUR,0.7506,0.7525,0.7469,0.7471,0,0,0,1,FX,NFX
22-Mar-2007,USDEUR,0.7469,0.7511,0.7457,0.7501,0,0,0,1,FX,NFX
23-Mar-2007,USDEUR,0.7501,0.7529,0.7495,0.7528,0,0,0,1,FX,NFX
26-Mar-2007,USDEUR,0.7538,0.7545,0.7494,0.7503,0,0,0,1,FX,NFX
27-Mar-2007,USDEUR,0.7501,0.7506,0.7484,0.749,0,0,0,1,FX,NFX
28-Mar-2007,USDEUR,0.749,0.7513,0.7479,0.7511,0,0,0,1,FX,NFX
29-Mar-2007,USDEUR,0.7511,0.7517,0.7489,0.7501,0,0,0,1,FX,NFX
30-Mar-2007,USDEUR,0.7501,0.7525,0.7463,0.7487,0,0,0,1,FX,NFX
02-Apr-2007,USDEUR,0.7477,0.75,0.7473,0.7481,0,0,0,1,FX,NFX
03-Apr-2007,USDEUR,0.7482,0.7506,0.7474,0.7502,0,0,0,1,FX,NFX
04-Apr-2007,USDEUR,0.7502,0.7507,0.7475,0.748,0,0,0,1,FX,NFX
05-Apr-2007,USDEUR,0.748,0.749,0.744,0.7447,0,0,0,1,FX,NFX
06-Apr-2007,USDEUR,0.7446,0.7483,0.7443,0.7476,0,0,0,1,FX,NFX
09-Apr-2007,USDEUR,0.7484,0.7495,0.7472,0.7488,0,0,0,1,FX,NFX
10-Apr-2007,USDEUR,0.7488,0.749,0.7432,0.7441,0,0,0,1,FX,NFX
11-Apr-2007,USDEUR,0.744,0.7456,0.744,0.7449,0,0,0,1,FX,NFX
12-Apr-2007,USDEUR,0.7447,0.7447,0.7408,0.7418,0,0,0,1,FX,NFX
13-Apr-2007,USDEUR,0.7417,0.7418,0.7381,0.739,0,0,0,1,FX,NFX
16-Apr-2007,USDEUR,0.7377,0.739,0.7365,0.7389,0,0,0,1,FX,NFX
17-Apr-2007,USDEUR,0.7388,0.7395,0.7356,0.7371,0,0,0,1,FX,NFX
18-Apr-2007,USDEUR,0.7371,0.7384,0.7345,0.7347,0,0,0,1,FX,NFX
19-Apr-2007,USDEUR,0.7348,0.7374,0.7341,0.7347,0,0,0,1,FX,NFX
20-Apr-2007,USDEUR,0.7346,0.7359,0.7332,0.7359,0,0,0,1,FX,NFX
23-Apr-2007,USDEUR,0.7356,0.7384,0.7348,0.7365,0,0,0,1,FX,NFX
24-Apr-2007,USDEUR,0.7367,0.7381,0.7328,0.7332,0,0,0,1,FX,NFX
25-Apr-2007,USDEUR,0.7331,0.7342,0.7317,0.7333,0,0,0,1,FX,NFX
26-Apr-2007,USDEUR,0.7332,0.7359,0.7324,0.7353,0,0,0,1,FX,NFX
27-Apr-2007,USDEUR,0.7353,0.736,0.7309,0.7325,0,0,0,1,FX,NFX
30-Apr-2007,USDEUR,0.7336,0.7358,0.7312,0.7327,0,0,0,1,FX,NFX
01-May-2007,USDEUR,0.7327,0.7357,0.7314,0.7349,0,0,0,1,FX,NFX
02-May-2007,USDEUR,0.735,0.7374,0.7347,0.7357,0,0,0,1,FX,NFX
03-May-2007,USDEUR,0.7357,0.7381,0.734,0.738,0,0,0,1,FX,NFX
04-May-2007,USDEUR,0.7381,0.7389,0.7349,0.7357,0,0,0,1,FX,NFX
07-May-2007,USDEUR,0.735,0.7358,0.7337,0.7352,0,0,0,1,FX,NFX
08-May-2007,USDEUR,0.7352,0.7398,0.734,0.7383,0,0,0,1,FX,NFX
09-May-2007,USDEUR,0.7384,0.7396,0.7372,0.7392,0,0,0,1,FX,NFX
10-May-2007,USDEUR,0.7392,0.7424,0.7372,0.7415,0,0,0,1,FX,NFX
11-May-2007,USDEUR,0.7416,0.7427,0.7389,0.7394,0,0,0,1,FX,NFX
14-May-2007,USDEUR,0.7388,0.7393,0.7374,0.7384,0,0,0,1,FX,NFX
15-May-2007,USDEUR,0.7382,0.7392,0.7349,0.7356,0,0,0,1,FX,NFX
16-May-2007,USDEUR,0.7358,0.7404,0.7347,0.74,0,0,0,1,FX,NFX
17-May-2007,USDEUR,0.7399,0.7418,0.7384,0.7411,0,0,0,1,FX,NFX
18-May-2007,USDEUR,0.741,0.7425,0.7396,0.7404,0,0,0,1,FX,NFX
21-May-2007,USDEUR,0.7396,0.7442,0.7391,0.7424,0,0,0,1,FX,NFX
22-May-2007,USDEUR,0.7424,0.7441,0.7421,0.7437,0,0,0,1,FX,NFX
23-May-2007,USDEUR,0.7435,0.7454,0.7407,0.7429,0,0,0,1,FX,NFX
24-May-2007,USDEUR,0.7429,0.7453,0.7427,0.7445,0,0,0,1,FX,NFX
25-May-2007,USDEUR,0.7447,0.7455,0.7423,0.7438,0,0,0,1,FX,NFX
28-May-2007,USDEUR,0.7436,0.7439,0.7428,0.743,0,0,0,1,FX,NFX
29-May-2007,USDEUR,0.7433,0.7451,0.7397,0.7436,0,0,0,1,FX,NFX
30-May-2007,USDEUR,0.7436,0.7457,0.743,0.7446,0,0,0,1,FX,NFX
31-May-2007,USDEUR,0.7446,0.745,0.7422,0.7433,0,0,0,1,FX,NFX
01-Jun-2007,USDEUR,0.7433,0.7466,0.7428,0.7437,0,0,0,1,FX,NFX
04-Jun-2007,USDEUR,0.7437,0.7444,0.7409,0.7413,0,0,0,1,FX,NFX
05-Jun-2007,USDEUR,0.7413,0.7414,0.7378,0.7395,0,0,0,1,FX,NFX
06-Jun-2007,USDEUR,0.7394,0.7413,0.7387,0.7405,0,0,0,1,FX,NFX
07-Jun-2007,USDEUR,0.7405,0.745,0.7401,0.7444,0,0,0,1,FX,NFX
08-Jun-2007,USDEUR,0.7444,0.7504,0.7443,0.748,0,0,0,1,FX,NFX
11-Jun-2007,USDEUR,0.7478,0.75,0.7477,0.7488,0,0,0,1,FX,NFX
12-Jun-2007,USDEUR,0.7489,0.7517,0.748,0.7517,0,0,0,1,FX,NFX
13-Jun-2007,USDEUR,0.7518,0.7539,0.751,0.7513,0,0,0,1,FX,NFX
14-Jun-2007,USDEUR,0.7513,0.753,0.7508,0.7512,0,0,0,1,FX,NFX
15-Jun-2007,USDEUR,0.7512,0.7515,0.747,0.747,0,0,0,1,FX,NFX
18-Jun-2007,USDEUR,0.7475,0.7476,0.7451,0.7454,0,0,0,1,FX,NFX
19-Jun-2007,USDEUR,0.7454,0.7471,0.7443,0.7449,0,0,0,1,FX,NFX
20-Jun-2007,USDEUR,0.7448,0.7464,0.7442,0.7459,0,0,0,1,FX,NFX
21-Jun-2007,USDEUR,0.746,0.7478,0.7458,0.7469,0,0,0,1,FX,NFX
22-Jun-2007,USDEUR,0.7469,0.7472,0.7424,0.7424,0,0,0,1,FX,NFX
25-Jun-2007,USDEUR,0.7424,0.7441,0.742,0.7428,0,0,0,1,FX,NFX
26-Jun-2007,USDEUR,0.7428,0.7444,0.742,0.7433,0,0,0,1,FX,NFX
27-Jun-2007,USDEUR,0.7433,0.7453,0.7427,0.7434,0,0,0,1,FX,NFX
28-Jun-2007,USDEUR,0.7433,0.7448,0.7418,0.7435,0,0,0,1,FX,NFX
29-Jun-2007,USDEUR,0.7435,0.7446,0.7385,0.7386,0,0,0,1,FX,NFX
02-Jul-2007,USDEUR,0.7384,0.7391,0.733,0.734,0,0,0,1,FX,NFX
03-Jul-2007,USDEUR,0.7341,0.7361,0.7331,0.7348,0,0,0,1,FX,NFX
04-Jul-2007,USDEUR,0.7349,0.735,0.7337,0.7344,0,0,0,1,FX,NFX
05-Jul-2007,USDEUR,0.7346,0.7365,0.7321,0.7353,0,0,0,1,FX,NFX
06-Jul-2007,USDEUR,0.7354,0.7368,0.7332,0.7336,0,0,0,1,FX,NFX
09-Jul-2007,USDEUR,0.7334,0.7347,0.7331,0.7339,0,0,0,1,FX,NFX
10-Jul-2007,USDEUR,0.7338,0.7356,0.7274,0.7275,0,0,0,1,FX,NFX
11-Jul-2007,USDEUR,0.7274,0.7282,0.7256,0.7276,0,0,0,1,FX,NFX
12-Jul-2007,USDEUR,0.7276,0.7277,0.7247,0.7252,0,0,0,1,FX,NFX
13-Jul-2007,USDEUR,0.7252,0.7265,0.7241,0.7256,0,0,0,1,FX,NFX
16-Jul-2007,USDEUR,0.7255,0.7267,0.7245,0.7261,0,0,0,1,FX,NFX
17-Jul-2007,USDEUR,0.7261,0.7268,0.7246,0.7253,0,0,0,1,FX,NFX
18-Jul-2007,USDEUR,0.7254,0.7267,0.7227,0.7244,0,0,0,1,FX,NFX
19-Jul-2007,USDEUR,0.7245,0.7251,0.723,0.7241,0,0,0,1,FX,NFX
20-Jul-2007,USDEUR,0.7246,0.7256,0.7223,0.7233,0,0,0,1,FX,NFX
23-Jul-2007,USDEUR,0.7228,0.7248,0.7221,0.7241,0,0,0,1,FX,NFX
24-Jul-2007,USDEUR,0.7242,0.7247,0.7223,0.7231,0,0,0,1,FX,NFX
25-Jul-2007,USDEUR,0.7235,0.7298,0.7228,0.7287,0,0,0,1,FX,NFX
26-Jul-2007,USDEUR,0.7288,0.7304,0.7265,0.7276,0,0,0,1,FX,NFX
27-Jul-2007,USDEUR,0.7277,0.7338,0.7268,0.7338,0,0,0,1,FX,NFX
30-Jul-2007,USDEUR,0.7342,0.7349,0.7298,0.7298,0,0,0,1,FX,NFX
31-Jul-2007,USDEUR,0.7301,0.731,0.7285,0.7305,0,0,0,1,FX,NFX
01-Aug-2007,USDEUR,0.7308,0.7331,0.7294,0.7315,0,0,0,1,FX,NFX
02-Aug-2007,USDEUR,0.7318,0.7324,0.7296,0.7296,0,0,0,1,FX,NFX
03-Aug-2007,USDEUR,0.7298,0.7307,0.724,0.726,0,0,0,1,FX,NFX
06-Aug-2007,USDEUR,0.7242,0.7256,0.7226,0.7248,0,0,0,1,FX,NFX
07-Aug-2007,USDEUR,0.7248,0.728,0.7238,0.7279,0,0,0,1,FX,NFX
08-Aug-2007,USDEUR,0.7279,0.7287,0.7233,0.7248,0,0,0,1,FX,NFX
09-Aug-2007,USDEUR,0.7247,0.7323,0.7238,0.7311,0,0,0,1,FX,NFX
10-Aug-2007,USDEUR,0.731,0.7326,0.7297,0.7302,0,0,0,1,FX,NFX
13-Aug-2007,USDEUR,0.7306,0.735,0.7292,0.7344,0,0,0,1,FX,NFX
14-Aug-2007,USDEUR,0.7348,0.7389,0.7338,0.7389,0,0,0,1,FX,NFX
15-Aug-2007,USDEUR,0.7389,0.7438,0.7385,0.7438,0,0,0,1,FX,NFX
16-Aug-2007,USDEUR,0.744,0.7481,0.7437,0.745,0,0,0,1,FX,NFX
17-Aug-2007,USDEUR,0.7447,0.7477,0.7384,0.742,0,0,0,1,FX,NFX
20-Aug-2007,USDEUR,0.7417,0.7429,0.7403,0.7421,0,0,0,1,FX,NFX
21-Aug-2007,USDEUR,0.742,0.7431,0.7398,0.7427,0,0,0,1,FX,NFX
22-Aug-2007,USDEUR,0.7428,0.7435,0.7383,0.7385,0,0,0,1,FX,NFX
23-Aug-2007,USDEUR,0.7384,0.7387,0.7359,0.7369,0,0,0,1,FX,NFX
24-Aug-2007,USDEUR,0.7374,0.7378,0.7309,0.7314,0,0,0,1,FX,NFX
27-Aug-2007,USDEUR,0.7312,0.7332,0.7306,0.7328,0,0,0,1,FX,NFX
28-Aug-2007,USDEUR,0.7328,0.7351,0.7309,0.7348,0,0,0,1,FX,NFX
29-Aug-2007,USDEUR,0.7349,0.7372,0.7309,0.7311,0,0,0,1,FX,NFX
30-Aug-2007,USDEUR,0.7312,0.7356,0.7308,0.7337,0,0,0,1,FX,NFX
31-Aug-2007,USDEUR,0.7341,0.7341,0.7288,0.734,0,0,0,1,FX,NFX
03-Sep-2007,USDEUR,0.7336,0.7349,0.7322,0.7344,0,0,0,1,FX,NFX
04-Sep-2007,USDEUR,0.7342,0.7379,0.7338,0.7349,0,0,0,1,FX,NFX
05-Sep-2007,USDEUR,0.7351,0.7369,0.7314,0.7328,0,0,0,1,FX,NFX
06-Sep-2007,USDEUR,0.7328,0.7334,0.7295,0.7303,0,0,0,1,FX,NFX
07-Sep-2007,USDEUR,0.7304,0.7319,0.7256,0.7262,0,0,0,1,FX,NFX
10-Sep-2007,USDEUR,0.726,0.7263,0.7237,0.7245,0,0,0,1,FX,NFX
11-Sep-2007,USDEUR,0.7247,0.7256,0.7223,0.7226,0,0,0,1,FX,NFX
12-Sep-2007,USDEUR,0.7227,0.7233,0.7185,0.7191,0,0,0,1,FX,NFX
13-Sep-2007,USDEUR,0.719,0.7214,0.7182,0.7201,0,0,0,1,FX,NFX
14-Sep-2007,USDEUR,0.7202,0.7223,0.7198,0.7208,0,0,0,1,FX,NFX
17-Sep-2007,USDEUR,0.7213,0.722,0.7201,0.7208,0,0,0,1,FX,NFX
18-Sep-2007,USDEUR,0.7208,0.7229,0.7148,0.715,0,0,0,1,FX,NFX
19-Sep-2007,USDEUR,0.715,0.7174,0.7147,0.7165,0,0,0,1,FX,NFX
20-Sep-2007,USDEUR,0.7165,0.7165,0.7093,0.7107,0,0,0,1,FX,NFX
21-Sep-2007,USDEUR,0.7109,0.712,0.7084,0.7097,0,0,0,1,FX,NFX
24-Sep-2007,USDEUR,0.7096,0.7104,0.7076,0.7098,0,0,0,1,FX,NFX
25-Sep-2007,USDEUR,0.7097,0.711,0.7067,0.707,0,0,0,1,FX,NFX
26-Sep-2007,USDEUR,0.707,0.7086,0.7061,0.7078,0,0,0,1,FX,NFX
27-Sep-2007,USDEUR,0.7077,0.708,0.7047,0.7066,0,0,0,1,FX,NFX
28-Sep-2007,USDEUR,0.7066,0.7069,0.7006,0.7009,0,0,0,1,FX,NFX
01-Oct-2007,USDEUR,0.7005,0.7035,0.7003,0.7024,0,0,0,1,FX,NFX
02-Oct-2007,USDEUR,0.7027,0.7073,0.7023,0.7066,0,0,0,1,FX,NFX
03-Oct-2007,USDEUR,0.7062,0.71,0.7041,0.7097,0,0,0,1,FX,NFX
04-Oct-2007,USDEUR,0.7096,0.7107,0.7068,0.7073,0,0,0,1,FX,NFX
05-Oct-2007,USDEUR,0.7074,0.7118,0.7067,0.7076,0,0,0,1,FX,NFX
08-Oct-2007,USDEUR,0.7072,0.7124,0.7066,0.7119,0,0,0,1,FX,NFX
09-Oct-2007,USDEUR,0.7119,0.7135,0.7084,0.7087,0,0,0,1,FX,NFX
10-Oct-2007,USDEUR,0.7087,0.7093,0.7058,0.7067,0,0,0,1,FX,NFX
11-Oct-2007,USDEUR,0.7072,0.7074,0.7026,0.7044,0,0,0,1,FX,NFX
12-Oct-2007,USDEUR,0.7068,0.7074,0.7026,0.7055,0,0,0,1,FX,NFX
15-Oct-2007,USDEUR,0.7054,0.7062,0.7019,0.704,0,0,0,1,FX,NFX
16-Oct-2007,USDEUR,0.7041,0.7069,0.7028,0.7055,0,0,0,1,FX,NFX
17-Oct-2007,USDEUR,0.7058,0.7063,0.7029,0.7038,0,0,0,1,FX,NFX
18-Oct-2007,USDEUR,0.7036,0.7043,0.6989,0.6995,0,0,0,1,FX,NFX
19-Oct-2007,USDEUR,0.6995,0.7018,0.6983,0.6993,0,0,0,1,FX,NFX
22-Oct-2007,USDEUR,0.6979,0.7077,0.6971,0.7048,0,0,0,1,FX,NFX
23-Oct-2007,USDEUR,0.7052,0.7057,0.7004,0.7012,0,0,0,1,FX,NFX
24-Oct-2007,USDEUR,0.701,0.7044,0.7007,0.7008,0,0,0,1,FX,NFX
25-Oct-2007,USDEUR,0.7007,0.7018,0.6977,0.6983,0,0,0,1,FX,NFX
26-Oct-2007,USDEUR,0.6983,0.6984,0.6946,0.6948,0,0,0,1,FX,NFX
29-Oct-2007,USDEUR,0.6935,0.6955,0.6925,0.6929,0,0,0,1,FX,NFX
30-Oct-2007,USDEUR,0.6934,0.6956,0.6924,0.6925,0,0,0,1,FX,NFX
31-Oct-2007,USDEUR,0.6925,0.6932,0.69,0.69,0,0,0,1,FX,NFX
01-Nov-2007,USDEUR,0.6905,0.6941,0.6905,0.6931,0,0,0,1,FX,NFX
02-Nov-2007,USDEUR,0.6932,0.6935,0.6885,0.6895,0,0,0,1,FX,NFX
05-Nov-2007,USDEUR,0.6891,0.692,0.6885,0.6908,0,0,0,1,FX,NFX
06-Nov-2007,USDEUR,0.6912,0.6912,0.6865,0.687,0,0,0,1,FX,NFX
07-Nov-2007,USDEUR,0.6868,0.687,0.6793,0.6831,0,0,0,1,FX,NFX
08-Nov-2007,USDEUR,0.6834,0.684,0.6804,0.6815,0,0,0,1,FX,NFX
09-Nov-2007,USDEUR,0.6814,0.6819,0.6781,0.6814,0,0,0,1,FX,NFX
12-Nov-2007,USDEUR,0.6815,0.6883,0.6813,0.6882,0,0,0,1,FX,NFX
13-Nov-2007,USDEUR,0.6882,0.6886,0.6835,0.6846,0,0,0,1,FX,NFX
14-Nov-2007,USDEUR,0.6847,0.6848,0.6795,0.6825,0,0,0,1,FX,NFX
15-Nov-2007,USDEUR,0.6825,0.6845,0.6803,0.6844,0,0,0,1,FX,NFX
16-Nov-2007,USDEUR,0.6842,0.6855,0.6816,0.6817,0,0,0,1,FX,NFX
19-Nov-2007,USDEUR,0.6817,0.6839,0.6805,0.6819,0,0,0,1,FX,NFX
20-Nov-2007,USDEUR,0.682,0.6833,0.6736,0.6739,0,0,0,1,FX,NFX
21-Nov-2007,USDEUR,0.6738,0.6766,0.6725,0.6732,0,0,0,1,FX,NFX
22-Nov-2007,USDEUR,0.673,0.6745,0.6723,0.6736,0,0,0,1,FX,NFX
23-Nov-2007,USDEUR,0.6734,0.6763,0.6683,0.6741,0,0,0,1,FX,NFX
26-Nov-2007,USDEUR,0.6746,0.6753,0.6718,0.6724,0,0,0,1,FX,NFX
27-Nov-2007,USDEUR,0.6723,0.6753,0.6705,0.6744,0,0,0,1,FX,NFX
28-Nov-2007,USDEUR,0.6742,0.6797,0.6732,0.6739,0,0,0,1,FX,NFX
29-Nov-2007,USDEUR,0.6736,0.6792,0.6736,0.6782,0,0,0,1,FX,NFX
30-Nov-2007,USDEUR,0.6783,0.6836,0.6763,0.6831,0,0,0,1,FX,NFX
03-Dec-2007,USDEUR,0.683,0.6837,0.6801,0.6817,0,0,0,1,FX,NFX
04-Dec-2007,USDEUR,0.6817,0.6832,0.677,0.6773,0,0,0,1,FX,NFX
05-Dec-2007,USDEUR,0.6776,0.6851,0.6768,0.6844,0,0,0,1,FX,NFX
06-Dec-2007,USDEUR,0.6842,0.6879,0.6828,0.6832,0,0,0,1,FX,NFX
07-Dec-2007,USDEUR,0.6831,0.6848,0.6817,0.6822,0,0,0,1,FX,NFX
10-Dec-2007,USDEUR,0.6824,0.683,0.6786,0.6794,0,0,0,1,FX,NFX
11-Dec-2007,USDEUR,0.6797,0.683,0.6782,0.6824,0,0,0,1,FX,NFX
12-Dec-2007,USDEUR,0.6822,0.6825,0.6791,0.6801,0,0,0,1,FX,NFX
13-Dec-2007,USDEUR,0.6801,0.6855,0.6786,0.6834,0,0,0,1,FX,NFX
14-Dec-2007,USDEUR,0.6832,0.6938,0.6823,0.6929,0,0,0,1,FX,NFX
17-Dec-2007,USDEUR,0.6946,0.6976,0.692,0.6944,0,0,0,1,FX,NFX
18-Dec-2007,USDEUR,0.6946,0.696,0.6931,0.6936,0,0,0,1,FX,NFX
19-Dec-2007,USDEUR,0.6937,0.6972,0.6932,0.6955,0,0,0,1,FX,NFX
20-Dec-2007,USDEUR,0.6953,0.6986,0.6948,0.6979,0,0,0,1,FX,NFX
21-Dec-2007,USDEUR,0.698,0.6984,0.6939,0.6956,0,0,0,1,FX,NFX
24-Dec-2007,USDEUR,0.6955,0.6959,0.6937,0.6947,0,0,0,1,FX,NFX
25-Dec-2007,USDEUR,0.6946,0.6975,0.6902,0.6942,0,0,0,1,FX,NFX
26-Dec-2007,USDEUR,0.6946,0.6948,0.6893,0.6902,0,0,0,1,FX,NFX
27-Dec-2007,USDEUR,0.6899,0.6911,0.6831,0.6837,0,0,0,1,FX,NFX
28-Dec-2007,USDEUR,0.6838,0.6853,0.6792,0.6792,0,0,0,1,FX,NFX
31-Dec-2007,USDEUR,0.6796,0.6863,0.6779,0.6856,0,0,0,1,FX,NFX
01-Jan-2008,USDEUR,0.6855,0.6861,0.6842,0.6853,0,0,0,1,FX,NFX
02-Jan-2008,USDEUR,0.6854,0.6855,0.6783,0.6791,0,0,0,1,FX,NFX
03-Jan-2008,USDEUR,0.6795,0.6806,0.6766,0.6781,0,0,0,1,FX,NFX
04-Jan-2008,USDEUR,0.6781,0.6804,0.6751,0.6783,0,0,0,1,FX,NFX
07-Jan-2008,USDEUR,0.6782,0.682,0.6777,0.6804,0,0,0,1,FX,NFX
08-Jan-2008,USDEUR,0.6804,0.6811,0.6787,0.68,0,0,0,1,FX,NFX
09-Jan-2008,USDEUR,0.6799,0.6831,0.6785,0.682,0,0,0,1,FX,NFX
10-Jan-2008,USDEUR,0.6823,0.6828,0.6751,0.6755,0,0,0,1,FX,NFX
11-Jan-2008,USDEUR,0.6754,0.6772,0.675,0.6767,0,0,0,1,FX,NFX
14-Jan-2008,USDEUR,0.6763,0.6763,0.6705,0.6725,0,0,0,1,FX,NFX
15-Jan-2008,USDEUR,0.6723,0.6757,0.6704,0.6756,0,0,0,1,FX,NFX
16-Jan-2008,USDEUR,0.6757,0.6827,0.6732,0.6825,0,0,0,1,FX,NFX
17-Jan-2008,USDEUR,0.6825,0.6855,0.68,0.683,0,0,0,1,FX,NFX
18-Jan-2008,USDEUR,0.6831,0.6847,0.6808,0.6841,0,0,0,1,FX,NFX
21-Jan-2008,USDEUR,0.6846,0.6927,0.6846,0.6918,0,0,0,1,FX,NFX
22-Jan-2008,USDEUR,0.6917,0.6959,0.6831,0.6836,0,0,0,1,FX,NFX
23-Jan-2008,USDEUR,0.6833,0.6886,0.6811,0.6836,0,0,0,1,FX,NFX
24-Jan-2008,USDEUR,0.6836,0.6853,0.677,0.6776,0,0,0,1,FX,NFX
25-Jan-2008,USDEUR,0.6776,0.6818,0.6767,0.6811,0,0,0,1,FX,NFX
28-Jan-2008,USDEUR,0.681,0.682,0.6761,0.6764,0,0,0,1,FX,NFX
29-Jan-2008,USDEUR,0.6763,0.6782,0.6758,0.6767,0,0,0,1,FX,NFX
30-Jan-2008,USDEUR,0.6766,0.6775,0.6709,0.6727,0,0,0,1,FX,NFX
31-Jan-2008,USDEUR,0.6729,0.6748,0.6707,0.673,0,0,0,1,FX,NFX
01-Feb-2008,USDEUR,0.6729,0.6759,0.6711,0.6759,0,0,0,1,FX,NFX
04-Feb-2008,USDEUR,0.6754,0.676,0.6736,0.6743,0,0,0,1,FX,NFX
05-Feb-2008,USDEUR,0.6744,0.6832,0.674,0.6827,0,0,0,1,FX,NFX
06-Feb-2008,USDEUR,0.6825,0.6851,0.6821,0.6835,0,0,0,1,FX,NFX
07-Feb-2008,USDEUR,0.6835,0.6916,0.6825,0.6905,0,0,0,1,FX,NFX
08-Feb-2008,USDEUR,0.6903,0.6916,0.6887,0.6892,0,0,0,1,FX,NFX
11-Feb-2008,USDEUR,0.6887,0.6899,0.6859,0.6885,0,0,0,1,FX,NFX
12-Feb-2008,USDEUR,0.6886,0.6897,0.6848,0.6861,0,0,0,1,FX,NFX
13-Feb-2008,USDEUR,0.6857,0.6879,0.6851,0.6862,0,0,0,1,FX,NFX
14-Feb-2008,USDEUR,0.686,0.6872,0.6828,0.6831,0,0,0,1,FX,NFX
15-Feb-2008,USDEUR,0.6828,0.6836,0.6801,0.6812,0,0,0,1,FX,NFX
18-Feb-2008,USDEUR,0.6812,0.6844,0.6806,0.6823,0,0,0,1,FX,NFX
19-Feb-2008,USDEUR,0.682,0.6834,0.6778,0.6791,0,0,0,1,FX,NFX
20-Feb-2008,USDEUR,0.679,0.6835,0.6786,0.6796,0,0,130,1,FX,NFX
21-Feb-2008,USDEUR,0.6795,0.6803,0.6745,0.6747,0,0,0,1,FX,NFX
22-Feb-2008,USDEUR,0.6751,0.6761,0.6732,0.6742,0,0,0,1,FX,NFX
25-Feb-2008,USDEUR,0.674,0.6758,0.6738,0.6744,0,0,0,1,FX,NFX
26-Feb-2008,USDEUR,0.6744,0.6765,0.6673,0.6678,0,0,0,1,FX,NFX
27-Feb-2008,USDEUR,0.6679,0.668,0.6604,0.6612,0,0,0,1,FX,NFX
28-Feb-2008,USDEUR,0.6611,0.6634,0.6566,0.658,0,0,0,1,FX,NFX
29-Feb-2008,USDEUR,0.6581,0.6601,0.6564,0.6585,0,0,0,1,FX,NFX
03-Mar-2008,USDEUR,0.6581,0.6595,0.6552,0.6577,0,0,0,1,FX,NFX
04-Mar-2008,USDEUR,0.6579,0.659,0.6562,0.6572,0,0,0,1,FX,NFX
05-Mar-2008,USDEUR,0.6574,0.66,0.6545,0.6552,0,0,0,1,FX,NFX
06-Mar-2008,USDEUR,0.6552,0.6552,0.6496,0.6499,0,0,0,1,FX,NFX
07-Mar-2008,USDEUR,0.6501,0.6522,0.648,0.6513,0,0,0,1,FX,NFX
10-Mar-2008,USDEUR,0.6511,0.6526,0.6491,0.6516,0,0,0,1,FX,NFX
11-Mar-2008,USDEUR,0.6517,0.6541,0.6459,0.652,0,0,0,1,FX,NFX
12-Mar-2008,USDEUR,0.6521,0.6522,0.6423,0.6433,0,0,0,1,FX,NFX
13-Mar-2008,USDEUR,0.6432,0.6442,0.6393,0.6397,0,0,0,1,FX,NFX
14-Mar-2008,USDEUR,0.6396,0.6437,0.638,0.6381,0,0,0,1,FX,NFX
17-Mar-2008,USDEUR,0.638,0.638,0.6289,0.6358,0,0,0,1,FX,NFX
18-Mar-2008,USDEUR,0.6359,0.6399,0.6318,0.6397,0,0,0,1,FX,NFX
19-Mar-2008,USDEUR,0.64,0.6414,0.6335,0.6402,0,0,0,1,FX,NFX
20-Mar-2008,USDEUR,0.6399,0.6493,0.6391,0.6482,0,0,0,1,FX,NFX
21-Mar-2008,USDEUR,0.6481,0.6491,0.6462,0.6481,0,0,0,1,FX,NFX
24-Mar-2008,USDEUR,0.6488,0.6518,0.6473,0.6483,0,0,0,1,FX,NFX
25-Mar-2008,USDEUR,0.6483,0.649,0.6388,0.6388,0,0,0,1,FX,NFX
26-Mar-2008,USDEUR,0.639,0.6416,0.6307,0.6309,0,0,0,1,FX,NFX
27-Mar-2008,USDEUR,0.6312,0.6343,0.6309,0.6338,0,0,0,1,FX,NFX
28-Mar-2008,USDEUR,0.6331,0.6352,0.6314,0.633,0,0,0,1,FX,NFX
31-Mar-2008,USDEUR,0.6328,0.6342,0.6293,0.6336,0,0,0,1,FX,NFX
01-Apr-2008,USDEUR,0.6334,0.6414,0.6334,0.6407,0,0,0,1,FX,NFX
02-Apr-2008,USDEUR,0.6404,0.6434,0.6371,0.6375,0,0,0,1,FX,NFX
03-Apr-2008,USDEUR,0.6376,0.6445,0.6371,0.6377,0,0,0,1,FX,NFX
04-Apr-2008,USDEUR,0.6376,0.6394,0.6352,0.6356,0,0,0,1,FX,NFX
07-Apr-2008,USDEUR,0.6358,0.6391,0.6355,0.6364,0,0,0,1,FX,NFX
08-Apr-2008,USDEUR,0.6362,0.6376,0.633,0.6364,0,0,0,1,FX,NFX
09-Apr-2008,USDEUR,0.6363,0.6376,0.6312,0.6316,0,0,0,1,FX,NFX
10-Apr-2008,USDEUR,0.6318,0.6354,0.6292,0.6351,0,0,0,1,FX,NFX
11-Apr-2008,USDEUR,0.6354,0.6354,0.6311,0.6324,0,0,0,1,FX,NFX
14-Apr-2008,USDEUR,0.6372,0.6378,0.6296,0.6315,0,0,0,1,FX,NFX
15-Apr-2008,USDEUR,0.6316,0.6342,0.6301,0.6334,0,0,0,1,FX,NFX
16-Apr-2008,USDEUR,0.6334,0.6345,0.6262,0.627,0,0,0,1,FX,NFX
17-Apr-2008,USDEUR,0.6271,0.6303,0.626,0.6287,0,0,0,1,FX,NFX
18-Apr-2008,USDEUR,0.6287,0.6364,0.6269,0.6323,0,0,0,1,FX,NFX
21-Apr-2008,USDEUR,0.6327,0.6331,0.6273,0.6284,0,0,0,1,FX,NFX
22-Apr-2008,USDEUR,0.6286,0.6314,0.6247,0.6253,0,0,0,1,FX,NFX
23-Apr-2008,USDEUR,0.6251,0.6303,0.625,0.6295,0,0,0,1,FX,NFX
24-Apr-2008,USDEUR,0.6294,0.6395,0.6291,0.6374,0,0,0,1,FX,NFX
25-Apr-2008,USDEUR,0.6376,0.6428,0.6365,0.6398,0,0,0,1,FX,NFX
28-Apr-2008,USDEUR,0.6405,0.6412,0.6375,0.6384,0,0,0,1,FX,NFX
29-Apr-2008,USDEUR,0.6387,0.643,0.6383,0.6421,0,0,0,1,FX,NFX
30-Apr-2008,USDEUR,0.642,0.6438,0.6393,0.64,0,0,0,1,FX,NFX
01-May-2008,USDEUR,0.6403,0.648,0.6392,0.6462,0,0,0,1,FX,NFX
02-May-2008,USDEUR,0.646,0.6504,0.6452,0.6484,0,0,0,1,FX,NFX
05-May-2008,USDEUR,0.6479,0.6482,0.6443,0.6453,0,0,0,1,FX,NFX
06-May-2008,USDEUR,0.6452,0.647,0.6415,0.6438,0,0,0,1,FX,NFX
07-May-2008,USDEUR,0.6437,0.6506,0.6435,0.6495,0,0,0,1,FX,NFX
08-May-2008,USDEUR,0.6498,0.654,0.648,0.6497,0,0,0,1,FX,NFX
09-May-2008,USDEUR,0.6495,0.6496,0.6457,0.646,0,0,0,1,FX,NFX
12-May-2008,USDEUR,0.647,0.6503,0.6422,0.6429,0,0,0,1,FX,NFX
13-May-2008,USDEUR,0.643,0.6479,0.6425,0.6462,0,0,0,1,FX,NFX
14-May-2008,USDEUR,0.6461,0.6493,0.6458,0.6463,0,0,0,1,FX,NFX
15-May-2008,USDEUR,0.6462,0.6482,0.6432,0.6474,0,0,0,1,FX,NFX
16-May-2008,USDEUR,0.6472,0.6478,0.6412,0.6419,0,0,0,1,FX,NFX
19-May-2008,USDEUR,0.6412,0.6457,0.6398,0.6448,0,0,0,1,FX,NFX
20-May-2008,USDEUR,0.6445,0.6448,0.6378,0.6388,0,0,0,1,FX,NFX
21-May-2008,USDEUR,0.639,0.6394,0.6331,0.6331,0,0,0,1,FX,NFX
22-May-2008,USDEUR,0.6333,0.637,0.6327,0.6358,0,0,0,1,FX,NFX
23-May-2008,USDEUR,0.6356,0.6369,0.6331,0.6344,0,0,0,1,FX,NFX
26-May-2008,USDEUR,0.6341,0.6352,0.6333,0.634,0,0,0,1,FX,NFX
27-May-2008,USDEUR,0.6341,0.6376,0.6321,0.6373,0,0,0,1,FX,NFX
28-May-2008,USDEUR,0.6377,0.6404,0.6349,0.6393,0,0,0,1,FX,NFX
29-May-2008,USDEUR,0.6395,0.6457,0.6383,0.6445,0,0,0,1,FX,NFX
30-May-2008,USDEUR,0.6443,0.6465,0.6423,0.643,0,0,0,1,FX,NFX
02-Jun-2008,USDEUR,0.6421,0.6457,0.6415,0.6437,0,0,0,1,FX,NFX
03-Jun-2008,USDEUR,0.6435,0.6486,0.64,0.6474,0,0,0,1,FX,NFX
04-Jun-2008,USDEUR,0.6473,0.6483,0.6461,0.6477,0,0,0,1,FX,NFX
05-Jun-2008,USDEUR,0.6476,0.6502,0.6411,0.6414,0,0,0,1,FX,NFX
06-Jun-2008,USDEUR,0.6413,0.6421,0.6338,0.6339,0,0,0,1,FX,NFX
09-Jun-2008,USDEUR,0.6335,0.6402,0.6312,0.6392,0,0,0,1,FX,NFX
10-Jun-2008,USDEUR,0.6391,0.6476,0.6387,0.6464,0,0,0,1,FX,NFX
11-Jun-2008,USDEUR,0.6464,0.6471,0.6417,0.6432,0,0,0,1,FX,NFX
12-Jun-2008,USDEUR,0.643,0.6499,0.6423,0.6479,0,0,0,1,FX,NFX
13-Jun-2008,USDEUR,0.6477,0.6534,0.6461,0.6502,0,0,0,1,FX,NFX
16-Jun-2008,USDEUR,0.6491,0.6514,0.6443,0.6462,0,0,0,1,FX,NFX
17-Jun-2008,USDEUR,0.6461,0.6468,0.6431,0.6444,0,0,0,1,FX,NFX
18-Jun-2008,USDEUR,0.645,0.6467,0.6434,0.6434,0,0,0,1,FX,NFX
19-Jun-2008,USDEUR,0.6437,0.6464,0.6414,0.645,0,0,0,1,FX,NFX
20-Jun-2008,USDEUR,0.6445,0.6454,0.6388,0.6408,0,0,0,1,FX,NFX
23-Jun-2008,USDEUR,0.6401,0.6462,0.6396,0.6445,0,0,0,1,FX,NFX
24-Jun-2008,USDEUR,0.6444,0.6453,0.6401,0.6424,0,0,0,1,FX,NFX
25-Jun-2008,USDEUR,0.6423,0.6434,0.6374,0.6381,0,0,0,1,FX,NFX
26-Jun-2008,USDEUR,0.6379,0.6396,0.6341,0.6345,0,0,0,1,FX,NFX
27-Jun-2008,USDEUR,0.6348,0.6361,0.633,0.6333,0,0,0,1,FX,NFX
30-Jun-2008,USDEUR,0.6337,0.6355,0.6315,0.6343,0,0,0,1,FX,NFX
01-Jul-2008,USDEUR,0.6347,0.6359,0.632,0.6333,0,0,0,1,FX,NFX
02-Jul-2008,USDEUR,0.6329,0.6338,0.6293,0.6294,0,0,0,1,FX,NFX
03-Jul-2008,USDEUR,0.6292,0.6378,0.6288,0.6363,0,0,0,1,FX,NFX
04-Jul-2008,USDEUR,0.6369,0.6385,0.6358,0.6367,0,0,0,1,FX,NFX
07-Jul-2008,USDEUR,0.6369,0.6404,0.6347,0.6358,0,0,0,1,FX,NFX
08-Jul-2008,USDEUR,0.6359,0.6395,0.6354,0.6381,0,0,0,1,FX,NFX
09-Jul-2008,USDEUR,0.6381,0.6388,0.6349,0.6353,0,0,0,1,FX,NFX
10-Jul-2008,USDEUR,0.6349,0.6373,0.6329,0.6334,0,0,0,1,FX,NFX
11-Jul-2008,USDEUR,0.6335,0.6342,0.6274,0.6277,0,0,0,1,FX,NFX
14-Jul-2008,USDEUR,0.6264,0.6311,0.6261,0.6286,0,0,0,1,FX,NFX
15-Jul-2008,USDEUR,0.6283,0.63,0.6239,0.6284,0,0,0,1,FX,NFX
16-Jul-2008,USDEUR,0.628,0.6328,0.6272,0.6315,0,0,0,1,FX,NFX
17-Jul-2008,USDEUR,0.6316,0.6334,0.6293,0.6303,0,0,0,1,FX,NFX
18-Jul-2008,USDEUR,0.6303,0.6326,0.6294,0.6311,0,0,0,1,FX,NFX
21-Jul-2008,USDEUR,0.6312,0.6317,0.6279,0.628,0,0,0,1,FX,NFX
22-Jul-2008,USDEUR,0.6281,0.6343,0.6272,0.6337,0,0,0,1,FX,NFX
23-Jul-2008,USDEUR,0.6336,0.6381,0.6328,0.6367,0,0,0,1,FX,NFX
24-Jul-2008,USDEUR,0.6371,0.6395,0.6363,0.6378,0,0,0,1,FX,NFX
25-Jul-2008,USDEUR,0.6376,0.6383,0.6345,0.6369,0,0,0,1,FX,NFX
28-Jul-2008,USDEUR,0.6368,0.6376,0.6341,0.6353,0,0,0,1,FX,NFX
29-Jul-2008,USDEUR,0.635,0.6429,0.6343,0.6411,0,0,0,1,FX,NFX
30-Jul-2008,USDEUR,0.6412,0.6442,0.6402,0.642,0,0,0,1,FX,NFX
31-Jul-2008,USDEUR,0.6418,0.6421,0.6372,0.6403,0,0,0,1,FX,NFX
01-Aug-2008,USDEUR,0.6408,0.6439,0.6405,0.6428,0,0,0,1,FX,NFX
04-Aug-2008,USDEUR,0.6424,0.6425,0.6399,0.6416,0,0,0,1,FX,NFX
05-Aug-2008,USDEUR,0.642,0.6472,0.6416,0.6467,0,0,0,1,FX,NFX
06-Aug-2008,USDEUR,0.6471,0.6494,0.6444,0.649,0,0,0,1,FX,NFX
07-Aug-2008,USDEUR,0.6489,0.6531,0.6457,0.6526,0,0,0,1,FX,NFX
08-Aug-2008,USDEUR,0.6525,0.6665,0.6518,0.666,0,0,0,1,FX,NFX
11-Aug-2008,USDEUR,0.6698,0.6719,0.6632,0.6707,0,0,0,1,FX,NFX
12-Aug-2008,USDEUR,0.6704,0.6746,0.6684,0.6699,0,0,0,1,FX,NFX
13-Aug-2008,USDEUR,0.67,0.6735,0.6677,0.6703,0,0,0,1,FX,NFX
14-Aug-2008,USDEUR,0.6704,0.6764,0.6691,0.6742,0,0,0,1,FX,NFX
15-Aug-2008,USDEUR,0.6743,0.6822,0.6743,0.6807,0,0,0,1,FX,NFX
18-Aug-2008,USDEUR,0.6812,0.6816,0.6773,0.6802,0,0,0,1,FX,NFX
19-Aug-2008,USDEUR,0.6804,0.6835,0.676,0.6768,0,0,0,1,FX,NFX
20-Aug-2008,USDEUR,0.6766,0.6814,0.6758,0.6781,0,0,0,1,FX,NFX
21-Aug-2008,USDEUR,0.6779,0.6786,0.671,0.6711,0,0,0,1,FX,NFX
22-Aug-2008,USDEUR,0.6713,0.6775,0.6706,0.6764,0,0,0,1,FX,NFX
25-Aug-2008,USDEUR,0.6765,0.6802,0.6755,0.6778,0,0,0,1,FX,NFX
26-Aug-2008,USDEUR,0.6777,0.6862,0.6773,0.6822,0,0,0,1,FX,NFX
27-Aug-2008,USDEUR,0.6825,0.6834,0.677,0.6791,0,0,0,1,FX,NFX
28-Aug-2008,USDEUR,0.6788,0.6815,0.6754,0.6799,0,0,0,1,FX,NFX
29-Aug-2008,USDEUR,0.68,0.683,0.6773,0.6815,0,0,0,1,FX,NFX
01-Sep-2008,USDEUR,0.6804,0.6857,0.6793,0.6843,0,0,0,1,FX,NFX
02-Sep-2008,USDEUR,0.684,0.6912,0.684,0.6887,0,0,0,1,FX,NFX
03-Sep-2008,USDEUR,0.6886,0.6949,0.6881,0.6899,0,0,0,1,FX,NFX
04-Sep-2008,USDEUR,0.6897,0.6985,0.6876,0.698,0,0,0,1,FX,NFX
05-Sep-2008,USDEUR,0.6984,0.7041,0.6973,0.701,0,0,0,1,FX,NFX
08-Sep-2008,USDEUR,0.6979,0.711,0.6931,0.7076,0,0,0,1,FX,NFX
09-Sep-2008,USDEUR,0.7078,0.7116,0.7028,0.7073,0,0,0,1,FX,NFX
10-Sep-2008,USDEUR,0.7077,0.7143,0.7055,0.7143,0,0,0,1,FX,NFX
11-Sep-2008,USDEUR,0.7155,0.7202,0.7144,0.7144,0,0,0,1,FX,NFX
12-Sep-2008,USDEUR,0.7138,0.7155,0.7026,0.7037,0,0,0,1,FX,NFX
15-Sep-2008,USDEUR,0.6981,0.7096,0.6909,0.702,0,0,0,1,FX,NFX
16-Sep-2008,USDEUR,0.7019,0.7097,0.7004,0.7067,0,0,0,1,FX,NFX
17-Sep-2008,USDEUR,0.7078,0.7099,0.6953,0.698,0,0,0,1,FX,NFX
18-Sep-2008,USDEUR,0.6982,0.6999,0.6885,0.6967,0,0,0,1,FX,NFX
19-Sep-2008,USDEUR,0.6971,0.7062,0.6899,0.6911,0,0,0,1,FX,NFX
22-Sep-2008,USDEUR,0.6901,0.6925,0.6731,0.6766,0,0,0,1,FX,NFX
23-Sep-2008,USDEUR,0.6772,0.6837,0.6744,0.6824,0,0,0,1,FX,NFX
24-Sep-2008,USDEUR,0.6827,0.6843,0.6784,0.684,0,0,0,1,FX,NFX
25-Sep-2008,USDEUR,0.6838,0.6855,0.6772,0.6845,0,0,0,1,FX,NFX
26-Sep-2008,USDEUR,0.6844,0.6867,0.6812,0.6841,0,0,0,1,FX,NFX
29-Sep-2008,USDEUR,0.6868,0.6989,0.6865,0.6924,0,0,0,1,FX,NFX
30-Sep-2008,USDEUR,0.6927,0.7139,0.6927,0.7095,0,0,0,1,FX,NFX
01-Oct-2008,USDEUR,0.7097,0.7155,0.7058,0.7139,0,0,0,1,FX,NFX
02-Oct-2008,USDEUR,0.7137,0.7268,0.7127,0.7236,0,0,0,1,FX,NFX
03-Oct-2008,USDEUR,0.7235,0.7298,0.7196,0.7257,0,0,0,1,FX,NFX
06-Oct-2008,USDEUR,0.733,0.7439,0.7298,0.7407,0,0,0,1,FX,NFX
07-Oct-2008,USDEUR,0.7408,0.7418,0.7283,0.7356,0,0,0,1,FX,NFX
08-Oct-2008,USDEUR,0.7359,0.7383,0.7279,0.7319,0,0,0,1,FX,NFX
09-Oct-2008,USDEUR,0.7324,0.7363,0.7257,0.7351,0,0,0,1,FX,NFX
10-Oct-2008,USDEUR,0.7348,0.7532,0.7326,0.7468,0,0,0,1,FX,NFX
13-Oct-2008,USDEUR,0.7367,0.7425,0.7309,0.7368,0,0,0,1,FX,NFX
14-Oct-2008,USDEUR,0.7362,0.7364,0.7265,0.7338,0,0,0,1,FX,NFX
15-Oct-2008,USDEUR,0.7343,0.7415,0.7308,0.7407,0,0,0,1,FX,NFX
16-Oct-2008,USDEUR,0.7409,0.7488,0.739,0.7431,0,0,0,1,FX,NFX
17-Oct-2008,USDEUR,0.7432,0.7468,0.7397,0.7455,0,0,0,1,FX,NFX
20-Oct-2008,USDEUR,0.7448,0.7524,0.7395,0.7499,0,0,0,1,FX,NFX
21-Oct-2008,USDEUR,0.7493,0.7663,0.7489,0.7651,0,0,0,1,FX,NFX
22-Oct-2008,USDEUR,0.7653,0.7841,0.7647,0.7773,0,0,0,1,FX,NFX
23-Oct-2008,USDEUR,0.7779,0.7855,0.7734,0.7739,0,0,0,1,FX,NFX
24-Oct-2008,USDEUR,0.773,0.8,0.7693,0.7921,0,0,0,1,FX,NFX
27-Oct-2008,USDEUR,0.7961,0.8107,0.7895,0.7995,0,0,0,1,FX,NFX
28-Oct-2008,USDEUR,0.8004,0.8103,0.7849,0.7879,0,0,0,1,FX,NFX
29-Oct-2008,USDEUR,0.7885,0.7913,0.7698,0.772,0,0,0,1,FX,NFX
30-Oct-2008,USDEUR,0.7712,0.7808,0.7527,0.7739,0,0,0,1,FX,NFX
31-Oct-2008,USDEUR,0.7743,0.7893,0.7743,0.7849,0,0,0,1,FX,NFX
03-Nov-2008,USDEUR,0.7853,0.7936,0.7754,0.791,0,0,0,1,FX,NFX
04-Nov-2008,USDEUR,0.7909,0.7981,0.7666,0.7706,0,0,0,1,FX,NFX
05-Nov-2008,USDEUR,0.7704,0.7808,0.7632,0.7715,0,0,0,1,FX,NFX
06-Nov-2008,USDEUR,0.772,0.7883,0.772,0.7866,0,0,0,1,FX,NFX
07-Nov-2008,USDEUR,0.7864,0.7903,0.7785,0.7862,0,0,0,1,FX,NFX
10-Nov-2008,USDEUR,0.7803,0.7862,0.7738,0.784,0,0,0,1,FX,NFX
11-Nov-2008,USDEUR,0.7845,0.7991,0.7814,0.7983,0,0,0,1,FX,NFX
12-Nov-2008,USDEUR,0.7986,0.8017,0.792,0.7997,0,0,0,1,FX,NFX
13-Nov-2008,USDEUR,0.7997,0.8064,0.7775,0.7823,0,0,0,1,FX,NFX
14-Nov-2008,USDEUR,0.7831,0.7946,0.78,0.7937,0,0,0,1,FX,NFX
17-Nov-2008,USDEUR,0.798,0.7984,0.7852,0.7907,0,0,0,1,FX,NFX
18-Nov-2008,USDEUR,0.7906,0.7955,0.7873,0.7926,0,0,0,1,FX,NFX
19-Nov-2008,USDEUR,0.7925,0.8002,0.7808,0.8002,0,0,0,1,FX,NFX
20-Nov-2008,USDEUR,0.8006,0.8037,0.7942,0.8031,0,0,0,1,FX,NFX
21-Nov-2008,USDEUR,0.803,0.8046,0.7913,0.7948,0,0,0,1,FX,NFX
24-Nov-2008,USDEUR,0.7941,0.7951,0.7732,0.7732,0,0,0,1,FX,NFX
25-Nov-2008,USDEUR,0.772,0.7807,0.7649,0.7657,0,0,0,1,FX,NFX
26-Nov-2008,USDEUR,0.7651,0.7802,0.7651,0.7753,0,0,0,1,FX,NFX
27-Nov-2008,USDEUR,0.7762,0.7774,0.7713,0.7749,0,0,0,1,FX,NFX
28-Nov-2008,USDEUR,0.7747,0.7908,0.7722,0.7881,0,0,0,1,FX,NFX
01-Dec-2008,USDEUR,0.7867,0.7948,0.7866,0.7931,0,0,0,1,FX,NFX
02-Dec-2008,USDEUR,0.7931,0.796,0.7834,0.7863,0,0,0,1,FX,NFX
03-Dec-2008,USDEUR,0.7866,0.7932,0.785,0.7871,0,0,0,1,FX,NFX
04-Dec-2008,USDEUR,0.7864,0.7966,0.7787,0.7818,0,0,0,1,FX,NFX
05-Dec-2008,USDEUR,0.7827,0.7916,0.7815,0.7853,0,0,0,1,FX,NFX
08-Dec-2008,USDEUR,0.7855,0.7865,0.7713,0.7715,0,0,0,1,FX,NFX
09-Dec-2008,USDEUR,0.7714,0.7809,0.7694,0.7739,0,0,0,1,FX,NFX
10-Dec-2008,USDEUR,0.7737,0.7749,0.7652,0.7682,0,0,0,1,FX,NFX
11-Dec-2008,USDEUR,0.7679,0.7692,0.7466,0.7489,0,0,0,1,FX,NFX
12-Dec-2008,USDEUR,0.749,0.7545,0.7461,0.7473,0,0,0,1,FX,NFX
15-Dec-2008,USDEUR,0.748,0.748,0.7289,0.7304,0,0,0,1,FX,NFX
16-Dec-2008,USDEUR,0.7307,0.7334,0.7073,0.7119,0,0,0,1,FX,NFX
17-Dec-2008,USDEUR,0.7138,0.7138,0.6933,0.694,0,0,0,1,FX,NFX
18-Dec-2008,USDEUR,0.6934,0.7044,0.6814,0.7019,0,0,0,1,FX,NFX
19-Dec-2008,USDEUR,0.7019,0.7231,0.6991,0.7193,0,0,0,1,FX,NFX
22-Dec-2008,USDEUR,0.7184,0.7191,0.7082,0.7177,0,0,0,1,FX,NFX
23-Dec-2008,USDEUR,0.7171,0.7182,0.7133,0.7178,0,0,0,1,FX,NFX
24-Dec-2008,USDEUR,0.718,0.7185,0.7134,0.7137,0,0,0,1,FX,NFX
25-Dec-2008,USDEUR,0.7133,0.7153,0.6873,0.7144,0,0,0,1,FX,NFX
26-Dec-2008,USDEUR,0.7125,0.7145,0.7087,0.7121,0,0,0,1,FX,NFX
29-Dec-2008,USDEUR,0.711,0.7176,0.6965,0.7176,0,0,0,1,FX,NFX
30-Dec-2008,USDEUR,0.7178,0.7178,0.7034,0.7114,0,0,0,1,FX,NFX
31-Dec-2008,USDEUR,0.7109,0.7218,0.707,0.7156,0,0,0,1,FX,NFX
01-Jan-2009,USDEUR,0.7156,0.7179,0.7088,0.7136,0,0,0,1,FX,NFX
02-Jan-2009,USDEUR,0.712,0.7226,0.7117,0.7189,0,0,0,1,FX,NFX
05-Jan-2009,USDEUR,0.7205,0.7377,0.7165,0.7344,0,0,0,1,FX,NFX
06-Jan-2009,USDEUR,0.7334,0.751,0.7329,0.739,0,0,0,1,FX,NFX
07-Jan-2009,USDEUR,0.7386,0.7443,0.7277,0.7322,0,0,0,1,FX,NFX
08-Jan-2009,USDEUR,0.7326,0.7385,0.7254,0.7294,0,0,0,1,FX,NFX
09-Jan-2009,USDEUR,0.73,0.7451,0.7283,0.7431,0,0,0,1,FX,NFX
12-Jan-2009,USDEUR,0.742,0.7518,0.742,0.7481,0,0,0,1,FX,NFX
13-Jan-2009,USDEUR,0.7484,0.7603,0.7478,0.7582,0,0,0,1,FX,NFX
14-Jan-2009,USDEUR,0.7586,0.7634,0.7503,0.7582,0,0,0,1,FX,NFX
15-Jan-2009,USDEUR,0.758,0.767,0.7562,0.7618,0,0,0,1,FX,NFX
16-Jan-2009,USDEUR,0.7625,0.7631,0.7499,0.7531,0,0,0,1,FX,NFX
19-Jan-2009,USDEUR,0.7497,0.7641,0.7471,0.7641,0,0,0,1,FX,NFX
20-Jan-2009,USDEUR,0.7652,0.7774,0.7631,0.7746,0,0,0,1,FX,NFX
21-Jan-2009,USDEUR,0.775,0.7791,0.7648,0.767,0,0,0,1,FX,NFX
22-Jan-2009,USDEUR,0.768,0.7742,0.7649,0.7691,0,0,0,1,FX,NFX
23-Jan-2009,USDEUR,0.7691,0.7827,0.7677,0.7709,0,0,0,1,FX,NFX
26-Jan-2009,USDEUR,0.7697,0.7774,0.7577,0.7583,0,0,39,1,FX,NFX
27-Jan-2009,USDEUR,0.7583,0.7621,0.7504,0.7593,0,0,0,1,FX,NFX
28-Jan-2009,USDEUR,0.7598,0.7631,0.7511,0.7601,0,0,0,1,FX,NFX
29-Jan-2009,USDEUR,0.7597,0.7728,0.7589,0.772,0,0,0,1,FX,NFX
30-Jan-2009,USDEUR,0.7721,0.7829,0.7721,0.7806,0,0,0,1,FX,NFX
02-Feb-2009,USDEUR,0.7831,0.7868,0.7757,0.7781,0,0,0,1,FX,NFX
03-Feb-2009,USDEUR,0.7787,0.781,0.7664,0.7673,0,0,0,1,FX,NFX
04-Feb-2009,USDEUR,0.7668,0.7802,0.7652,0.7779,0,0,0,1,FX,NFX
05-Feb-2009,USDEUR,0.7783,0.7833,0.775,0.7813,0,0,0,1,FX,NFX
06-Feb-2009,USDEUR,0.7819,0.7842,0.7698,0.7729,0,0,0,1,FX,NFX
09-Feb-2009,USDEUR,0.7712,0.7765,0.7643,0.7687,0,0,0,1,FX,NFX
10-Feb-2009,USDEUR,0.769,0.7806,0.7663,0.7745,0,0,0,1,FX,NFX
11-Feb-2009,USDEUR,0.7745,0.7789,0.7693,0.7748,0,0,0,1,FX,NFX
12-Feb-2009,USDEUR,0.7749,0.7855,0.7728,0.7772,0,0,0,1,FX,NFX
13-Feb-2009,USDEUR,0.7774,0.7799,0.773,0.7777,0,0,0,1,FX,NFX
16-Feb-2009,USDEUR,0.7824,0.7855,0.7801,0.7815,0,0,0,1,FX,NFX
17-Feb-2009,USDEUR,0.7811,0.7959,0.781,0.7945,0,0,0,1,FX,NFX
18-Feb-2009,USDEUR,0.7946,0.7991,0.7914,0.7976,0,0,0,1,FX,NFX
19-Feb-2009,USDEUR,0.798,0.7983,0.7843,0.789,0,0,0,1,FX,NFX
20-Feb-2009,USDEUR,0.7891,0.7963,0.777,0.7801,0,0,0,1,FX,NFX
23-Feb-2009,USDEUR,0.7808,0.7879,0.7701,0.7879,0,0,0,1,FX,NFX
24-Feb-2009,USDEUR,0.7879,0.7896,0.7767,0.7787,0,0,0,1,FX,NFX
25-Feb-2009,USDEUR,0.7788,0.7878,0.7752,0.7861,0,0,0,1,FX,NFX
26-Feb-2009,USDEUR,0.7863,0.7881,0.7808,0.7843,0,0,0,1,FX,NFX
27-Feb-2009,USDEUR,0.7847,0.793,0.7844,0.789,0,0,0,1,FX,NFX
02-Mar-2009,USDEUR,0.7916,0.7967,0.7914,0.7948,0,0,0,1,FX,NFX
03-Mar-2009,USDEUR,0.795,0.7986,0.7891,0.7961,0,0,0,1,FX,NFX
04-Mar-2009,USDEUR,0.7961,0.8027,0.7898,0.7899,0,0,0,1,FX,NFX
05-Mar-2009,USDEUR,0.7898,0.8012,0.7896,0.797,0,0,0,1,FX,NFX
06-Mar-2009,USDEUR,0.7913,0.7913,0.7905,0.7907,0,0,0,1,FX,NFX
09-Mar-2009,USDEUR,0.7901,0.7962,0.786,0.793,0,0,0,1,FX,NFX
10-Mar-2009,USDEUR,0.793,0.7948,0.7803,0.7888,0,0,0,1,FX,NFX
11-Mar-2009,USDEUR,0.7884,0.792,0.7775,0.7792,0,0,0,1,FX,NFX
12-Mar-2009,USDEUR,0.779,0.7853,0.7727,0.7742,0,0,0,1,FX,NFX
13-Mar-2009,USDEUR,0.7743,0.7772,0.7722,0.7737,0,0,0,1,FX,NFX
16-Mar-2009,USDEUR,0.7761,0.7786,0.7654,0.771,0,0,0,1,FX,NFX
17-Mar-2009,USDEUR,0.7712,0.773,0.7674,0.768,0,0,0,1,FX,NFX
18-Mar-2009,USDEUR,0.7682,0.77,0.7409,0.7412,0,0,0,1,FX,NFX
19-Mar-2009,USDEUR,0.7423,0.745,0.7283,0.7319,0,0,0,1,FX,NFX
20-Mar-2009,USDEUR,0.7319,0.7391,0.7288,0.7364,0,0,0,1,FX,NFX
23-Mar-2009,USDEUR,0.7341,0.7407,0.7283,0.7334,0,0,0,1,FX,NFX
24-Mar-2009,USDEUR,0.7336,0.744,0.731,0.7425,0,0,0,1,FX,NFX
25-Mar-2009,USDEUR,0.7429,0.7451,0.7338,0.7362,0,0,0,1,FX,NFX
26-Mar-2009,USDEUR,0.7362,0.7407,0.7337,0.7397,0,0,0,1,FX,NFX
27-Mar-2009,USDEUR,0.739,0.7539,0.7359,0.7522,0,0,0,1,FX,NFX
30-Mar-2009,USDEUR,0.7563,0.7621,0.7528,0.7576,0,0,0,1,FX,NFX
31-Mar-2009,USDEUR,0.7576,0.7587,0.7498,0.7545,0,0,0,1,FX,NFX
01-Apr-2009,USDEUR,0.7543,0.7591,0.7527,0.7549,0,0,0,1,FX,NFX
02-Apr-2009,USDEUR,0.7548,0.7562,0.7403,0.7429,0,0,0,1,FX,NFX
03-Apr-2009,USDEUR,0.7415,0.7421,0.7412,0.7421,0,0,0,1,FX,NFX
06-Apr-2009,USDEUR,0.7407,0.7483,0.7364,0.745,0,0,0,1,FX,NFX
07-Apr-2009,USDEUR,0.7453,0.7559,0.7452,0.7537,0,0,0,1,FX,NFX
08-Apr-2009,USDEUR,0.7536,0.76,0.7516,0.7531,0,0,0,1,FX,NFX
09-Apr-2009,USDEUR,0.7534,0.7614,0.7504,0.7596,0,0,0,1,FX,NFX
10-Apr-2009,USDEUR,0.7593,0.7632,0.7582,0.7582,0,0,0,1,FX,NFX
13-Apr-2009,USDEUR,0.7584,0.7619,0.7469,0.7478,0,0,0,1,FX,NFX
14-Apr-2009,USDEUR,0.7481,0.7557,0.7475,0.7541,0,0,0,1,FX,NFX
15-Apr-2009,USDEUR,0.7541,0.7603,0.7525,0.756,0,0,0,1,FX,NFX
16-Apr-2009,USDEUR,0.756,0.7614,0.7537,0.7585,0,0,0,1,FX,NFX
17-Apr-2009,USDEUR,0.7584,0.768,0.7579,0.7669,0,0,0,1,FX,NFX
20-Apr-2009,USDEUR,0.7659,0.7754,0.7659,0.7738,0,0,0,1,FX,NFX
21-Apr-2009,USDEUR,0.7739,0.7753,0.77,0.772,0,0,0,1,FX,NFX
22-Apr-2009,USDEUR,0.7722,0.7753,0.7671,0.7689,0,0,0,1,FX,NFX
23-Apr-2009,USDEUR,0.7689,0.7702,0.7602,0.7606,0,0,0,1,FX,NFX
24-Apr-2009,USDEUR,0.7609,0.7625,0.752,0.755,0,0,0,1,FX,NFX
27-Apr-2009,USDEUR,0.755,0.7692,0.7549,0.7674,0,0,0,1,FX,NFX
28-Apr-2009,USDEUR,0.767,0.7709,0.7596,0.7605,0,0,0,1,FX,NFX
29-Apr-2009,USDEUR,0.7606,0.762,0.7498,0.7536,0,0,0,1,FX,NFX
30-Apr-2009,USDEUR,0.753,0.7578,0.7472,0.7559,0,0,0,1,FX,NFX
01-May-2009,USDEUR,0.7559,0.7567,0.7504,0.7536,0,0,0,1,FX,NFX
04-May-2009,USDEUR,0.7536,0.7568,0.7451,0.7456,0,0,0,1,FX,NFX
05-May-2009,USDEUR,0.746,0.7523,0.7441,0.7499,0,0,0,1,FX,NFX
06-May-2009,USDEUR,0.7502,0.7549,0.7478,0.7502,0,0,0,1,FX,NFX
07-May-2009,USDEUR,0.75,0.7546,0.7424,0.747,0,0,0,1,FX,NFX
08-May-2009,USDEUR,0.7467,0.7495,0.733,0.733,0,0,0,1,FX,NFX
11-May-2009,USDEUR,0.7328,0.7376,0.7317,0.7363,0,0,0,1,FX,NFX
12-May-2009,USDEUR,0.7363,0.7372,0.7299,0.7328,0,0,0,1,FX,NFX
13-May-2009,USDEUR,0.7328,0.7368,0.7289,0.7355,0,0,0,1,FX,NFX
14-May-2009,USDEUR,0.7354,0.7389,0.7318,0.733,0,0,0,1,FX,NFX
15-May-2009,USDEUR,0.733,0.7427,0.7327,0.7411,0,0,0,1,FX,NFX
18-May-2009,USDEUR,0.7417,0.7449,0.7374,0.7376,0,0,0,1,FX,NFX
19-May-2009,USDEUR,0.7417,0.7449,0.7317,0.7334,0,0,0,1,FX,NFX
20-May-2009,USDEUR,0.7337,0.7361,0.723,0.7261,0,0,0,1,FX,NFX
21-May-2009,USDEUR,0.7257,0.7281,0.7183,0.7199,0,0,0,1,FX,NFX
22-May-2009,USDEUR,0.7199,0.7199,0.7119,0.714,0,0,0,1,FX,NFX
25-May-2009,USDEUR,0.7129,0.7161,0.7121,0.7137,0,0,0,1,FX,NFX
26-May-2009,USDEUR,0.7136,0.7214,0.7132,0.715,0,0,0,1,FX,NFX
27-May-2009,USDEUR,0.715,0.7219,0.7144,0.7219,0,0,351,1,FX,NFX
28-May-2009,USDEUR,0.7233,0.7248,0.7154,0.7168,0,0,0,1,FX,NFX
29-May-2009,USDEUR,0.7173,0.7182,0.7062,0.7066,0,0,0,1,FX,NFX
01-Jun-2009,USDEUR,0.7077,0.7093,0.702,0.7063,0,0,0,1,FX,NFX
02-Jun-2009,USDEUR,0.7063,0.7089,0.6978,0.6989,0,0,0,1,FX,NFX
03-Jun-2009,USDEUR,0.6992,0.7085,0.6979,0.7063,0,0,0,1,FX,NFX
04-Jun-2009,USDEUR,0.7061,0.7103,0.7026,0.7052,0,0,0,1,FX,NFX
05-Jun-2009,USDEUR,0.7049,0.7176,0.7018,0.7159,0,0,0,1,FX,NFX
08-Jun-2009,USDEUR,0.7159,0.7243,0.7143,0.7195,0,0,0,1,FX,NFX
09-Jun-2009,USDEUR,0.7195,0.7218,0.7097,0.711,0,0,0,1,FX,NFX
10-Jun-2009,USDEUR,0.7108,0.7185,0.7072,0.715,0,0,0,1,FX,NFX
11-Jun-2009,USDEUR,0.715,0.7162,0.7061,0.7086,0,0,0,1,FX,NFX
12-Jun-2009,USDEUR,0.7088,0.7171,0.7079,0.7137,0,0,0,1,FX,NFX
15-Jun-2009,USDEUR,0.715,0.7268,0.7142,0.7249,0,0,0,1,FX,NFX
16-Jun-2009,USDEUR,0.7245,0.7274,0.7185,0.7227,0,0,0,1,FX,NFX
17-Jun-2009,USDEUR,0.7228,0.724,0.7155,0.7169,0,0,0,1,FX,NFX
18-Jun-2009,USDEUR,0.7167,0.7208,0.7147,0.7194,0,0,0,1,FX,NFX
19-Jun-2009,USDEUR,0.7195,0.7203,0.7138,0.7177,0,0,0,1,FX,NFX
22-Jun-2009,USDEUR,0.7167,0.7231,0.7165,0.7214,0,0,0,1,FX,NFX
23-Jun-2009,USDEUR,0.7213,0.7229,0.709,0.7104,0,0,0,1,FX,NFX
24-Jun-2009,USDEUR,0.7104,0.7194,0.7075,0.718,0,0,0,1,FX,NFX
25-Jun-2009,USDEUR,0.7179,0.7197,0.714,0.7147,0,0,0,1,FX,NFX
26-Jun-2009,USDEUR,0.715,0.715,0.7087,0.711,0,0,0,1,FX,NFX
29-Jun-2009,USDEUR,0.7107,0.715,0.7092,0.7099,0,0,0,1,FX,NFX
30-Jun-2009,USDEUR,0.7101,0.714,0.7067,0.7127,0,0,0,1,FX,NFX
01-Jul-2009,USDEUR,0.7127,0.7143,0.7045,0.7069,0,0,0,1,FX,NFX
02-Jul-2009,USDEUR,0.7073,0.7147,0.7066,0.7143,0,0,0,1,FX,NFX
03-Jul-2009,USDEUR,0.7142,0.7179,0.713,0.7153,0,0,0,1,FX,NFX
06-Jul-2009,USDEUR,0.7164,0.7204,0.7146,0.7153,0,0,0,1,FX,NFX
07-Jul-2009,USDEUR,0.7151,0.7188,0.712,0.7187,0,0,0,1,FX,NFX
08-Jul-2009,USDEUR,0.7183,0.7229,0.7175,0.7202,0,0,0,1,FX,NFX
09-Jul-2009,USDEUR,0.7201,0.7214,0.7107,0.7128,0,0,0,1,FX,NFX
10-Jul-2009,USDEUR,0.7134,0.7203,0.7126,0.7174,0,0,0,1,FX,NFX
13-Jul-2009,USDEUR,0.717,0.7195,0.7143,0.7153,0,0,0,1,FX,NFX
14-Jul-2009,USDEUR,0.7155,0.7186,0.7136,0.716,0,0,0,1,FX,NFX
15-Jul-2009,USDEUR,0.7158,0.7162,0.7078,0.7088,0,0,0,1,FX,NFX
16-Jul-2009,USDEUR,0.7089,0.7114,0.7063,0.7067,0,0,0,1,FX,NFX
17-Jul-2009,USDEUR,0.7068,0.7107,0.7067,0.7092,0,0,0,1,FX,NFX
20-Jul-2009,USDEUR,0.7094,0.7094,0.702,0.7026,0,0,0,1,FX,NFX
21-Jul-2009,USDEUR,0.7026,0.706,0.7005,0.7028,0,0,0,1,FX,NFX
22-Jul-2009,USDEUR,0.7027,0.7061,0.7018,0.7034,0,0,0,1,FX,NFX
23-Jul-2009,USDEUR,0.7032,0.7073,0.6999,0.7064,0,0,0,1,FX,NFX
24-Jul-2009,USDEUR,0.707,0.7073,0.7018,0.7038,0,0,0,1,FX,NFX
27-Jul-2009,USDEUR,0.703,0.7056,0.6994,0.7022,0,0,0,1,FX,NFX
28-Jul-2009,USDEUR,0.7026,0.7076,0.6994,0.7058,0,0,0,1,FX,NFX
29-Jul-2009,USDEUR,0.7058,0.7139,0.7044,0.7118,0,0,0,1,FX,NFX
30-Jul-2009,USDEUR,0.7118,0.7138,0.7098,0.7108,0,0,0,1,FX,NFX
31-Jul-2009,USDEUR,0.7104,0.7109,0.7005,0.7015,0,0,0,1,FX,NFX
03-Aug-2009,USDEUR,0.7014,0.7038,0.6924,0.6939,0,0,0,1,FX,NFX
04-Aug-2009,USDEUR,0.6937,0.696,0.6932,0.6942,0,0,0,1,FX,NFX
05-Aug-2009,USDEUR,0.6943,0.6966,0.6922,0.6942,0,0,0,1,FX,NFX
06-Aug-2009,USDEUR,0.6943,0.6979,0.6928,0.6967,0,0,0,1,FX,NFX
07-Aug-2009,USDEUR,0.6967,0.7064,0.6951,0.7055,0,0,0,1,FX,NFX
10-Aug-2009,USDEUR,0.7053,0.7088,0.7034,0.7073,0,0,0,1,FX,NFX
11-Aug-2009,USDEUR,0.7073,0.7087,0.7049,0.7067,0,0,0,1,FX,NFX
12-Aug-2009,USDEUR,0.7068,0.71,0.7021,0.7045,0,0,0,1,FX,NFX
13-Aug-2009,USDEUR,0.7049,0.7049,0.6983,0.6999,0,0,0,1,FX,NFX
14-Aug-2009,USDEUR,0.6999,0.7061,0.6991,0.7042,0,0,0,1,FX,NFX
17-Aug-2009,USDEUR,0.7047,0.7117,0.7046,0.7102,0,0,0,1,FX,NFX
18-Aug-2009,USDEUR,0.7101,0.7107,0.7069,0.7075,0,0,0,1,FX,NFX
19-Aug-2009,USDEUR,0.7076,0.7099,0.7009,0.703,0,0,0,1,FX,NFX
20-Aug-2009,USDEUR,0.7025,0.7042,0.7009,0.7015,0,0,0,1,FX,NFX
21-Aug-2009,USDEUR,0.7014,0.7038,0.696,0.6978,0,0,0,1,FX,NFX
24-Aug-2009,USDEUR,0.6973,0.7002,0.6965,0.6992,0,0,0,1,FX,NFX
25-Aug-2009,USDEUR,0.6988,0.7014,0.6966,0.6996,0,0,0,1,FX,NFX
26-Aug-2009,USDEUR,0.6994,0.7037,0.6975,0.7018,0,0,0,1,FX,NFX
27-Aug-2009,USDEUR,0.7015,0.7033,0.6945,0.6969,0,0,0,1,FX,NFX
28-Aug-2009,USDEUR,0.6974,0.7,0.6952,0.6991,0,0,0,1,FX,NFX
31-Aug-2009,USDEUR,0.6992,0.7014,0.696,0.6974,0,0,0,1,FX,NFX
01-Sep-2009,USDEUR,0.6976,0.7048,0.6957,0.7032,0,0,0,1,FX,NFX
02-Sep-2009,USDEUR,0.703,0.7046,0.6997,0.7009,0,0,0,1,FX,NFX
03-Sep-2009,USDEUR,0.7012,0.7024,0.6972,0.7016,0,0,0,1,FX,NFX
04-Sep-2009,USDEUR,0.7016,0.7044,0.6982,0.6993,0,0,0,1,FX,NFX
07-Sep-2009,USDEUR,0.6992,0.6994,0.6965,0.6977,0,0,0,1,FX,NFX
08-Sep-2009,USDEUR,0.6978,0.698,0.6882,0.6905,0,0,0,1,FX,NFX
09-Sep-2009,USDEUR,0.6905,0.6911,0.6851,0.6865,0,0,0,1,FX,NFX
10-Sep-2009,USDEUR,0.687,0.6891,0.6845,0.6857,0,0,0,1,FX,NFX
11-Sep-2009,USDEUR,0.6857,0.6868,0.6838,0.6861,0,0,0,1,FX,NFX
14-Sep-2009,USDEUR,0.6847,0.6888,0.6827,0.6839,0,0,0,1,FX,NFX
15-Sep-2009,USDEUR,0.6842,0.6866,0.6812,0.6822,0,0,0,1,FX,NFX
16-Sep-2009,USDEUR,0.6823,0.6826,0.6785,0.6798,0,0,0,1,FX,NFX
17-Sep-2009,USDEUR,0.6798,0.6806,0.6773,0.6781,0,0,0,1,FX,NFX
18-Sep-2009,USDEUR,0.6783,0.6825,0.6781,0.6799,0,0,0,1,FX,NFX
21-Sep-2009,USDEUR,0.68,0.6844,0.6797,0.6814,0,0,0,1,FX,NFX
22-Sep-2009,USDEUR,0.6813,0.6815,0.6751,0.6757,0,0,0,1,FX,NFX
23-Sep-2009,USDEUR,0.6761,0.6788,0.6741,0.6786,0,0,0,1,FX,NFX
24-Sep-2009,USDEUR,0.6785,0.6835,0.6758,0.6822,0,0,0,1,FX,NFX
25-Sep-2009,USDEUR,0.682,0.6842,0.6795,0.6806,0,0,0,1,FX,NFX
28-Sep-2009,USDEUR,0.6805,0.6865,0.6794,0.6844,0,0,0,1,FX,NFX
29-Sep-2009,USDEUR,0.6839,0.6881,0.6828,0.6859,0,0,0,1,FX,NFX
30-Sep-2009,USDEUR,0.6854,0.6861,0.6815,0.6831,0,0,0,1,FX,NFX
01-Oct-2009,USDEUR,0.6831,0.6887,0.6817,0.6876,0,0,0,1,FX,NFX
02-Oct-2009,USDEUR,0.6876,0.6903,0.683,0.6859,0,0,0,1,FX,NFX
05-Oct-2009,USDEUR,0.6845,0.6858,0.6819,0.6825,0,0,0,1,FX,NFX
06-Oct-2009,USDEUR,0.6825,0.6827,0.6777,0.6794,0,0,0,1,FX,NFX
07-Oct-2009,USDEUR,0.6794,0.6824,0.6786,0.6806,0,0,0,1,FX,NFX
08-Oct-2009,USDEUR,0.6807,0.6811,0.675,0.6762,0,0,0,1,FX,NFX
09-Oct-2009,USDEUR,0.6759,0.6813,0.6759,0.6791,0,0,0,1,FX,NFX
12-Oct-2009,USDEUR,0.6792,0.6813,0.6751,0.6767,0,0,0,1,FX,NFX
13-Oct-2009,USDEUR,0.6768,0.6773,0.6724,0.6732,0,0,0,1,FX,NFX
14-Oct-2009,USDEUR,0.6731,0.6738,0.6694,0.6699,0,0,0,1,FX,NFX
15-Oct-2009,USDEUR,0.6699,0.6732,0.6683,0.6694,0,0,0,1,FX,NFX
16-Oct-2009,USDEUR,0.669,0.6734,0.6682,0.671,0,0,0,1,FX,NFX
19-Oct-2009,USDEUR,0.6715,0.6742,0.6683,0.6684,0,0,0,1,FX,NFX
20-Oct-2009,USDEUR,0.6684,0.6717,0.667,0.6693,0,0,0,1,FX,NFX
21-Oct-2009,USDEUR,0.669,0.6717,0.6646,0.6659,0,0,0,1,FX,NFX
22-Oct-2009,USDEUR,0.6663,0.669,0.665,0.6653,0,0,0,1,FX,NFX
23-Oct-2009,USDEUR,0.6653,0.6672,0.6641,0.6662,0,0,0,1,FX,NFX
26-Oct-2009,USDEUR,0.6673,0.6736,0.6643,0.6725,0,0,0,1,FX,NFX
27-Oct-2009,USDEUR,0.6722,0.6767,0.6701,0.6757,0,0,0,1,FX,NFX
28-Oct-2009,USDEUR,0.6755,0.6805,0.674,0.6801,0,0,0,1,FX,NFX
29-Oct-2009,USDEUR,0.6802,0.6805,0.6731,0.6742,0,0,0,1,FX,NFX
30-Oct-2009,USDEUR,0.6746,0.6801,0.6729,0.6794,0,0,0,1,FX,NFX
02-Nov-2009,USDEUR,0.6799,0.681,0.6738,0.6768,0,0,0,1,FX,NFX
03-Nov-2009,USDEUR,0.6767,0.6836,0.6755,0.6791,0,0,0,1,FX,NFX
04-Nov-2009,USDEUR,0.6792,0.68,0.6712,0.6726,0,0,0,1,FX,NFX
05-Nov-2009,USDEUR,0.673,0.6752,0.6705,0.6725,0,0,0,1,FX,NFX
06-Nov-2009,USDEUR,0.6725,0.6748,0.6705,0.6736,0,0,0,1,FX,NFX
09-Nov-2009,USDEUR,0.6719,0.6733,0.6659,0.667,0,0,0,1,FX,NFX
10-Nov-2009,USDEUR,0.667,0.6692,0.666,0.6672,0,0,0,1,FX,NFX
11-Nov-2009,USDEUR,0.667,0.6685,0.6645,0.6675,0,0,0,1,FX,NFX
12-Nov-2009,USDEUR,0.6673,0.6747,0.6661,0.6737,0,0,0,1,FX,NFX
13-Nov-2009,USDEUR,0.6734,0.6744,0.6698,0.671,0,0,0,1,FX,NFX
16-Nov-2009,USDEUR,0.6703,0.6715,0.6661,0.6679,0,0,0,1,FX,NFX
17-Nov-2009,USDEUR,0.668,0.6751,0.6667,0.6723,0,0,0,1,FX,NFX
18-Nov-2009,USDEUR,0.6723,0.6729,0.6672,0.6683,0,0,0,1,FX,NFX
19-Nov-2009,USDEUR,0.6683,0.6736,0.6682,0.6701,0,0,0,1,FX,NFX
20-Nov-2009,USDEUR,0.6699,0.6755,0.6696,0.6729,0,0,0,1,FX,NFX
23-Nov-2009,USDEUR,0.673,0.6741,0.6669,0.6683,0,0,0,1,FX,NFX
24-Nov-2009,USDEUR,0.6683,0.6715,0.6674,0.6684,0,0,0,1,FX,NFX
25-Nov-2009,USDEUR,0.6681,0.6686,0.6603,0.6606,0,0,0,1,FX,NFX
26-Nov-2009,USDEUR,0.6608,0.6682,0.6604,0.6657,0,0,0,1,FX,NFX
27-Nov-2009,USDEUR,0.6657,0.6742,0.6657,0.6672,0,0,0,1,FX,NFX
30-Nov-2009,USDEUR,0.6661,0.6679,0.6631,0.6663,0,0,0,1,FX,NFX
01-Dec-2009,USDEUR,0.6665,0.6676,0.6615,0.663,0,0,0,1,FX,NFX
02-Dec-2009,USDEUR,0.663,0.6652,0.6619,0.6647,0,0,0,1,FX,NFX
03-Dec-2009,USDEUR,0.6645,0.6647,0.6606,0.6645,0,0,0,1,FX,NFX
04-Dec-2009,USDEUR,0.6647,0.6746,0.6625,0.6732,0,0,0,1,FX,NFX
07-Dec-2009,USDEUR,0.6731,0.6776,0.671,0.6746,0,0,0,1,FX,NFX
08-Dec-2009,USDEUR,0.6744,0.6811,0.6726,0.68,0,0,0,1,FX,NFX
09-Dec-2009,USDEUR,0.68,0.6813,0.6768,0.6792,0,0,0,1,FX,NFX
10-Dec-2009,USDEUR,0.6792,0.6805,0.6776,0.679,0,0,0,1,FX,NFX
11-Dec-2009,USDEUR,0.6788,0.6854,0.6767,0.6839,0,0,0,1,FX,NFX
14-Dec-2009,USDEUR,0.6847,0.6847,0.681,0.6823,0,0,0,1,FX,NFX
15-Dec-2009,USDEUR,0.6821,0.6894,0.6821,0.688,0,0,0,1,FX,NFX
16-Dec-2009,USDEUR,0.6878,0.6892,0.6853,0.6884,0,0,0,1,FX,NFX
17-Dec-2009,USDEUR,0.6881,0.6991,0.6879,0.6974,0,0,0,1,FX,NFX
18-Dec-2009,USDEUR,0.6973,0.7012,0.6942,0.6971,0,0,0,1,FX,NFX
21-Dec-2009,USDEUR,0.6986,0.7006,0.6958,0.7,0,0,0,1,FX,NFX
22-Dec-2009,USDEUR,0.7004,0.7033,0.6978,0.7017,0,0,0,1,FX,NFX
23-Dec-2009,USDEUR,0.7016,0.7024,0.6963,0.6974,0,0,0,1,FX,NFX
24-Dec-2009,USDEUR,0.6978,0.6982,0.6937,0.6956,0,0,0,1,FX,NFX
25-Dec-2009,USDEUR,0.6953,0.7002,0.6925,0.6958,0,0,0,1,FX,NFX
28-Dec-2009,USDEUR,0.6949,0.6965,0.6938,0.6955,0,0,0,1,FX,NFX
29-Dec-2009,USDEUR,0.6953,0.6975,0.6919,0.6966,0,0,0,1,FX,NFX
30-Dec-2009,USDEUR,0.6966,0.7006,0.6963,0.6973,0,0,0,1,FX,NFX
31-Dec-2009,USDEUR,0.6976,0.6988,0.6925,0.698,0,0,0,1,FX,NFX
01-Jan-2010,USDEUR,0.6972,0.6981,0.6972,0.6976,0,0,0,1,FX,NFX
04-Jan-2010,USDEUR,0.6992,0.7013,0.692,0.6943,0,0,0,1,FX,NFX
05-Jan-2010,USDEUR,0.6938,0.6967,0.6906,0.6961,0,0,0,1,FX,NFX
06-Jan-2010,USDEUR,0.6963,0.6998,0.6928,0.694,0,0,0,1,FX,NFX
07-Jan-2010,USDEUR,0.6939,0.6991,0.6925,0.6984,0,0,0,1,FX,NFX
08-Jan-2010,USDEUR,0.6989,0.7007,0.6928,0.6942,0,0,0,1,FX,NFX
11-Jan-2010,USDEUR,0.6932,0.694,0.6872,0.6891,0,0,0,1,FX,NFX
12-Jan-2010,USDEUR,0.6891,0.6916,0.6876,0.6904,0,0,0,1,FX,NFX
13-Jan-2010,USDEUR,0.6904,0.6917,0.6861,0.6892,0,0,0,1,FX,NFX
14-Jan-2010,USDEUR,0.6891,0.6918,0.6872,0.6894,0,0,0,1,FX,NFX
15-Jan-2010,USDEUR,0.6898,0.6971,0.6892,0.6951,0,0,0,1,FX,NFX
18-Jan-2010,USDEUR,0.6966,0.6975,0.6944,0.6949,0,0,0,1,FX,NFX
19-Jan-2010,USDEUR,0.6953,0.7015,0.6939,0.6998,0,0,0,1,FX,NFX
20-Jan-2010,USDEUR,0.6998,0.7099,0.6996,0.709,0,0,0,1,FX,NFX
21-Jan-2010,USDEUR,0.7092,0.7127,0.7072,0.7102,0,0,0,1,FX,NFX
22-Jan-2010,USDEUR,0.7101,0.7106,0.7054,0.7074,0,0,0,1,FX,NFX
25-Jan-2010,USDEUR,0.7064,0.7077,0.7046,0.7067,0,0,0,1,FX,NFX
26-Jan-2010,USDEUR,0.7067,0.712,0.7052,0.7105,0,0,0,1,FX,NFX
27-Jan-2010,USDEUR,0.7107,0.7142,0.7095,0.7132,0,0,0,1,FX,NFX
28-Jan-2010,USDEUR,0.713,0.7167,0.7119,0.716,0,0,0,1,FX,NFX
29-Jan-2010,USDEUR,0.7158,0.7215,0.7151,0.7213,0,0,0,1,FX,NFX
01-Feb-2010,USDEUR,0.7215,0.7218,0.7175,0.718,0,0,0,1,FX,NFX
02-Feb-2010,USDEUR,0.7176,0.7201,0.7156,0.7162,0,0,0,1,FX,NFX
03-Feb-2010,USDEUR,0.7161,0.7201,0.713,0.72,0,0,0,1,FX,NFX
04-Feb-2010,USDEUR,0.7196,0.7286,0.7191,0.7283,0,0,0,1,FX,NFX
05-Feb-2010,USDEUR,0.7288,0.736,0.7275,0.7311,0,0,0,1,FX,NFX
08-Feb-2010,USDEUR,0.7322,0.7341,0.729,0.7328,0,0,0,1,FX,NFX
09-Feb-2010,USDEUR,0.7327,0.733,0.7227,0.7249,0,0,0,1,FX,NFX
10-Feb-2010,USDEUR,0.7248,0.7308,0.7242,0.7281,0,0,0,1,FX,NFX
11-Feb-2010,USDEUR,0.7279,0.7354,0.7248,0.7303,0,0,0,1,FX,NFX
12-Feb-2010,USDEUR,0.7303,0.7389,0.7301,0.7335,0,0,0,1,FX,NFX
15-Feb-2010,USDEUR,0.7339,0.7363,0.7337,0.7356,0,0,0,1,FX,NFX
16-Feb-2010,USDEUR,0.7355,0.7358,0.7259,0.7266,0,0,0,1,FX,NFX
17-Feb-2010,USDEUR,0.726,0.7356,0.7253,0.7351,0,0,0,1,FX,NFX
18-Feb-2010,USDEUR,0.7349,0.7391,0.7327,0.7391,0,0,0,1,FX,NFX
19-Feb-2010,USDEUR,0.7392,0.7432,0.7345,0.7347,0,0,0,1,FX,NFX
22-Feb-2010,USDEUR,0.7332,0.7362,0.7325,0.7357,0,0,0,1,FX,NFX
23-Feb-2010,USDEUR,0.7356,0.7409,0.7305,0.7402,0,0,0,1,FX,NFX
24-Feb-2010,USDEUR,0.7403,0.7404,0.734,0.7387,0,0,0,1,FX,NFX
25-Feb-2010,USDEUR,0.7387,0.7433,0.7372,0.7381,0,0,0,1,FX,NFX
26-Feb-2010,USDEUR,0.738,0.7389,0.7308,0.7339,0,0,0,1,FX,NFX
01-Mar-2010,USDEUR,0.7341,0.7428,0.7325,0.7378,0,0,0,1,FX,NFX
02-Mar-2010,USDEUR,0.7374,0.7433,0.7342,0.7345,0,0,0,1,FX,NFX
03-Mar-2010,USDEUR,0.7346,0.7357,0.7281,0.7301,0,0,0,1,FX,NFX
04-Mar-2010,USDEUR,0.7301,0.7377,0.7292,0.7365,0,0,0,1,FX,NFX
05-Mar-2010,USDEUR,0.7364,0.7384,0.7338,0.7341,0,0,0,1,FX,NFX
08-Mar-2010,USDEUR,0.7335,0.7347,0.7301,0.7336,0,0,0,1,FX,NFX
09-Mar-2010,USDEUR,0.7334,0.7386,0.7334,0.7352,0,0,0,1,FX,NFX
10-Mar-2010,USDEUR,0.7351,0.7381,0.7314,0.7323,0,0,0,1,FX,NFX
11-Mar-2010,USDEUR,0.7325,0.7341,0.7308,0.7311,0,0,0,1,FX,NFX
12-Mar-2010,USDEUR,0.731,0.7315,0.7251,0.7265,0,0,0,1,FX,NFX
15-Mar-2010,USDEUR,0.7266,0.7329,0.7259,0.731,0,0,0,1,FX,NFX
16-Mar-2010,USDEUR,0.731,0.7322,0.7256,0.7267,0,0,0,1,FX,NFX
17-Mar-2010,USDEUR,0.7265,0.7284,0.7239,0.7279,0,0,0,1,FX,NFX
18-Mar-2010,USDEUR,0.7279,0.7357,0.7277,0.7348,0,0,0,1,FX,NFX
19-Mar-2010,USDEUR,0.7349,0.7403,0.7339,0.7389,0,0,0,1,FX,NFX
22-Mar-2010,USDEUR,0.7385,0.7427,0.7372,0.7376,0,0,0,1,FX,NFX
23-Mar-2010,USDEUR,0.7375,0.7419,0.7369,0.7405,0,0,0,1,FX,NFX
24-Mar-2010,USDEUR,0.7409,0.7512,0.7403,0.7507,0,0,0,1,FX,NFX
25-Mar-2010,USDEUR,0.751,0.7536,0.7472,0.753,0,0,0,1,FX,NFX
26-Mar-2010,USDEUR,0.7534,0.7534,0.745,0.746,0,0,0,1,FX,NFX
29-Mar-2010,USDEUR,0.7424,0.7451,0.7405,0.7418,0,0,0,1,FX,NFX
30-Mar-2010,USDEUR,0.7417,0.7465,0.7388,0.7456,0,0,0,1,FX,NFX
31-Mar-2010,USDEUR,0.7459,0.747,0.7386,0.7401,0,0,0,1,FX,NFX
01-Apr-2010,USDEUR,0.7403,0.7428,0.7359,0.736,0,0,0,1,FX,NFX
02-Apr-2010,USDEUR,0.7362,0.7421,0.7357,0.7407,0,0,0,1,FX,NFX
05-Apr-2010,USDEUR,0.7411,0.7429,0.7386,0.7413,0,0,0,1,FX,NFX
06-Apr-2010,USDEUR,0.7413,0.7485,0.7409,0.7464,0,0,0,1,FX,NFX
07-Apr-2010,USDEUR,0.7464,0.7504,0.7459,0.7493,0,0,0,1,FX,NFX
08-Apr-2010,USDEUR,0.7496,0.7528,0.7484,0.7486,0,0,0,1,FX,NFX
09-Apr-2010,USDEUR,0.7484,0.7495,0.7409,0.7409,0,0,0,1,FX,NFX
12-Apr-2010,USDEUR,0.7322,0.7369,0.7306,0.7359,0,0,0,1,FX,NFX
13-Apr-2010,USDEUR,0.7357,0.738,0.7341,0.7347,0,0,0,1,FX,NFX
14-Apr-2010,USDEUR,0.7348,0.7352,0.7312,0.7325,0,0,0,1,FX,NFX
15-Apr-2010,USDEUR,0.7325,0.7394,0.7318,0.7367,0,0,0,1,FX,NFX
16-Apr-2010,USDEUR,0.7367,0.7419,0.736,0.7404,0,0,0,1,FX,NFX
19-Apr-2010,USDEUR,0.7423,0.7452,0.7409,0.7415,0,0,0,1,FX,NFX
20-Apr-2010,USDEUR,0.7412,0.7447,0.7395,0.7443,0,0,0,1,FX,NFX
21-Apr-2010,USDEUR,0.7443,0.7483,0.7436,0.7467,0,0,0,1,FX,NFX
22-Apr-2010,USDEUR,0.7469,0.753,0.7451,0.7522,0,0,0,1,FX,NFX
23-Apr-2010,USDEUR,0.7523,0.7571,0.7464,0.7476,0,0,0,1,FX,NFX
26-Apr-2010,USDEUR,0.7491,0.7521,0.7463,0.7472,0,0,0,1,FX,NFX
27-Apr-2010,USDEUR,0.7472,0.7594,0.7456,0.7588,0,0,0,1,FX,NFX
28-Apr-2010,USDEUR,0.7591,0.7624,0.7547,0.7565,0,0,0,1,FX,NFX
29-Apr-2010,USDEUR,0.7565,0.7585,0.7532,0.7558,0,0,0,1,FX,NFX
30-Apr-2010,USDEUR,0.7556,0.7562,0.7493,0.752,0,0,0,1,FX,NFX
03-May-2010,USDEUR,0.7487,0.76,0.7487,0.758,0,0,0,1,FX,NFX
04-May-2010,USDEUR,0.758,0.7701,0.7568,0.7699,0,0,0,1,FX,NFX
05-May-2010,USDEUR,0.77,0.7809,0.7695,0.7801,0,0,0,1,FX,NFX
06-May-2010,USDEUR,0.7805,0.7976,0.7781,0.7919,0,0,0,1,FX,NFX
07-May-2010,USDEUR,0.7925,0.7942,0.7814,0.7848,0,0,0,1,FX,NFX
10-May-2010,USDEUR,0.7743,0.7835,0.7643,0.7824,0,0,0,1,FX,NFX
11-May-2010,USDEUR,0.7821,0.7899,0.7815,0.7892,0,0,0,1,FX,NFX
12-May-2010,USDEUR,0.7899,0.7933,0.7853,0.7927,0,0,0,1,FX,NFX
13-May-2010,USDEUR,0.7928,0.7986,0.7886,0.7976,0,0,0,1,FX,NFX
14-May-2010,USDEUR,0.7977,0.8094,0.7954,0.8089,0,0,0,1,FX,NFX
17-May-2010,USDEUR,0.8102,0.8168,0.8059,0.807,0,0,0,1,FX,NFX
18-May-2010,USDEUR,0.8068,0.8214,0.8039,0.8194,0,0,0,1,FX,NFX
19-May-2010,USDEUR,0.8195,0.8234,0.8052,0.8052,0,0,0,1,FX,NFX
20-May-2010,USDEUR,0.8054,0.8128,0.7944,0.7997,0,0,0,1,FX,NFX
21-May-2010,USDEUR,0.8007,0.8024,0.7894,0.7959,0,0,0,1,FX,NFX
24-May-2010,USDEUR,0.7975,0.8097,0.7965,0.8085,0,0,0,1,FX,NFX
25-May-2010,USDEUR,0.8084,0.8212,0.8084,0.8101,0,0,0,1,FX,NFX
26-May-2010,USDEUR,0.8095,0.8216,0.8074,0.8207,0,0,0,1,FX,NFX
27-May-2010,USDEUR,0.8213,0.8228,0.8069,0.8089,0,0,0,1,FX,NFX
28-May-2010,USDEUR,0.809,0.8154,0.8034,0.8149,0,0,0,1,FX,NFX
31-May-2010,USDEUR,0.8153,0.8154,0.8108,0.8127,0,0,0,1,FX,NFX
01-Jun-2010,USDEUR,0.8129,0.8255,0.8105,0.8175,0,0,0,1,FX,NFX
02-Jun-2010,USDEUR,0.8177,0.8211,0.8151,0.8162,0,0,0,1,FX,NFX
03-Jun-2010,USDEUR,0.8164,0.8229,0.8115,0.8226,0,0,0,1,FX,NFX
04-Jun-2010,USDEUR,0.8222,0.8363,0.8187,0.8351,0,0,0,1,FX,NFX
07-Jun-2010,USDEUR,0.8386,0.8418,0.8344,0.8387,0,0,0,1,FX,NFX
08-Jun-2010,USDEUR,0.8383,0.84,0.8333,0.8353,0,0,0,1,FX,NFX
09-Jun-2010,USDEUR,0.8352,0.8386,0.8285,0.8351,0,0,0,1,FX,NFX
10-Jun-2010,USDEUR,0.8348,0.8362,0.8236,0.8246,0,0,0,1,FX,NFX
11-Jun-2010,USDEUR,0.8247,0.8296,0.8232,0.8261,0,0,0,1,FX,NFX
14-Jun-2010,USDEUR,0.8244,0.8254,0.8133,0.8183,0,0,0,1,FX,NFX
15-Jun-2010,USDEUR,0.8183,0.8217,0.8097,0.8111,0,0,0,1,FX,NFX
16-Jun-2010,USDEUR,0.811,0.8154,0.81,0.8124,0,0,0,1,FX,NFX
17-Jun-2010,USDEUR,0.8124,0.8165,0.806,0.8075,0,0,0,1,FX,NFX
18-Jun-2010,USDEUR,0.8074,0.8094,0.8055,0.807,0,0,0,1,FX,NFX
21-Jun-2010,USDEUR,0.8033,0.8126,0.8023,0.8116,0,0,0,1,FX,NFX
22-Jun-2010,USDEUR,0.8122,0.8158,0.81,0.8151,0,0,0,1,FX,NFX
23-Jun-2010,USDEUR,0.8152,0.8188,0.811,0.8123,0,0,0,1,FX,NFX
24-Jun-2010,USDEUR,0.8124,0.8154,0.8075,0.8109,0,0,0,1,FX,NFX
25-Jun-2010,USDEUR,0.8108,0.816,0.807,0.8075,0,0,0,1,FX,NFX
28-Jun-2010,USDEUR,0.8084,0.815,0.8067,0.8145,0,0,0,1,FX,NFX
29-Jun-2010,USDEUR,0.8146,0.8229,0.8136,0.8204,0,0,0,1,FX,NFX
30-Jun-2010,USDEUR,0.8207,0.8218,0.8128,0.8176,0,0,0,1,FX,NFX
01-Jul-2010,USDEUR,0.8172,0.8198,0.7979,0.7984,0,0,0,1,FX,NFX
02-Jul-2010,USDEUR,0.7985,0.801,0.7934,0.7964,0,0,0,1,FX,NFX
05-Jul-2010,USDEUR,0.7961,0.7994,0.7961,0.7973,0,0,0,1,FX,NFX
06-Jul-2010,USDEUR,0.7976,0.8009,0.7899,0.792,0,0,0,1,FX,NFX
07-Jul-2010,USDEUR,0.7919,0.7963,0.7899,0.7909,0,0,0,1,FX,NFX
08-Jul-2010,USDEUR,0.7913,0.7923,0.787,0.7875,0,0,0,1,FX,NFX
09-Jul-2010,USDEUR,0.7878,0.7929,0.7862,0.7908,0,0,0,1,FX,NFX
12-Jul-2010,USDEUR,0.7914,0.7966,0.7907,0.7937,0,0,0,1,FX,NFX
13-Jul-2010,USDEUR,0.794,0.7983,0.7851,0.7858,0,0,0,1,FX,NFX
14-Jul-2010,USDEUR,0.786,0.7881,0.7829,0.7846,0,0,0,1,FX,NFX
15-Jul-2010,USDEUR,0.7848,0.7867,0.772,0.7725,0,0,0,1,FX,NFX
16-Jul-2010,USDEUR,0.7722,0.7755,0.769,0.7735,0,0,0,1,FX,NFX
19-Jul-2010,USDEUR,0.7748,0.7768,0.7702,0.7726,0,0,0,1,FX,NFX
20-Jul-2010,USDEUR,0.773,0.7785,0.7681,0.7763,0,0,0,1,FX,NFX
21-Jul-2010,USDEUR,0.7761,0.785,0.7746,0.784,0,0,0,1,FX,NFX
22-Jul-2010,USDEUR,0.7839,0.7848,0.7739,0.7757,0,0,0,1,FX,NFX
23-Jul-2010,USDEUR,0.7753,0.7809,0.7714,0.7746,0,0,0,1,FX,NFX
26-Jul-2010,USDEUR,0.7757,0.7765,0.769,0.77,0,0,0,1,FX,NFX
27-Jul-2010,USDEUR,0.7697,0.772,0.7667,0.7694,0,0,0,1,FX,NFX
28-Jul-2010,USDEUR,0.7695,0.7709,0.767,0.7697,0,0,0,1,FX,NFX
29-Jul-2010,USDEUR,0.7701,0.7704,0.7631,0.7648,0,0,0,1,FX,NFX
30-Jul-2010,USDEUR,0.7646,0.7703,0.7639,0.7665,0,0,0,1,FX,NFX
02-Aug-2010,USDEUR,0.7654,0.7661,0.7579,0.7587,0,0,0,1,FX,NFX
03-Aug-2010,USDEUR,0.7588,0.7606,0.7542,0.7559,0,0,0,1,FX,NFX
04-Aug-2010,USDEUR,0.7557,0.7613,0.7556,0.7602,0,0,0,1,FX,NFX
05-Aug-2010,USDEUR,0.76,0.7622,0.7557,0.758,0,0,0,1,FX,NFX
06-Aug-2010,USDEUR,0.7583,0.7601,0.7504,0.7529,0,0,0,1,FX,NFX
09-Aug-2010,USDEUR,0.7524,0.7565,0.7517,0.7562,0,0,0,1,FX,NFX
10-Aug-2010,USDEUR,0.7563,0.7643,0.7559,0.759,0,0,0,1,FX,NFX
11-Aug-2010,USDEUR,0.7591,0.7774,0.7583,0.7774,0,0,0,1,FX,NFX
12-Aug-2010,USDEUR,0.7772,0.7823,0.7733,0.7794,0,0,0,1,FX,NFX
13-Aug-2010,USDEUR,0.7799,0.7845,0.7751,0.7843,0,0,0,1,FX,NFX
16-Aug-2010,USDEUR,0.7839,0.7851,0.7772,0.7797,0,0,0,1,FX,NFX
17-Aug-2010,USDEUR,0.7798,0.7809,0.7745,0.7763,0,0,0,1,FX,NFX
18-Aug-2010,USDEUR,0.776,0.7798,0.7742,0.778,0,0,0,1,FX,NFX
19-Aug-2010,USDEUR,0.778,0.7823,0.7752,0.7798,0,0,0,1,FX,NFX
20-Aug-2010,USDEUR,0.7802,0.7893,0.7794,0.7866,0,0,0,1,FX,NFX
23-Aug-2010,USDEUR,0.7871,0.7904,0.7856,0.7901,0,0,0,1,FX,NFX
24-Aug-2010,USDEUR,0.7901,0.794,0.7866,0.7903,0,0,0,1,FX,NFX
25-Aug-2010,USDEUR,0.7921,0.7929,0.7865,0.7902,0,0,0,1,FX,NFX
26-Aug-2010,USDEUR,0.7896,0.7902,0.7835,0.7863,0,0,0,1,FX,NFX
27-Aug-2010,USDEUR,0.7863,0.7885,0.7829,0.7842,0,0,0,1,FX,NFX
30-Aug-2010,USDEUR,0.7836,0.7901,0.7833,0.7896,0,0,0,1,FX,NFX
31-Aug-2010,USDEUR,0.7899,0.792,0.785,0.7886,0,0,0,1,FX,NFX
01-Sep-2010,USDEUR,0.7887,0.7893,0.7783,0.7809,0,0,0,1,FX,NFX
02-Sep-2010,USDEUR,0.7808,0.7825,0.7788,0.7798,0,0,0,1,FX,NFX
03-Sep-2010,USDEUR,0.7797,0.7807,0.7752,0.7754,0,0,0,1,FX,NFX
06-Sep-2010,USDEUR,0.7758,0.7771,0.7743,0.7769,0,0,0,1,FX,NFX
07-Sep-2010,USDEUR,0.7765,0.7887,0.7765,0.7885,0,0,0,1,FX,NFX
08-Sep-2010,USDEUR,0.7885,0.7899,0.7838,0.7862,0,0,0,1,FX,NFX
09-Sep-2010,USDEUR,0.786,0.7893,0.7835,0.7874,0,0,0,1,FX,NFX
10-Sep-2010,USDEUR,0.7875,0.7906,0.7847,0.7886,0,0,0,1,FX,NFX
13-Sep-2010,USDEUR,0.7864,0.7871,0.7759,0.7763,0,0,0,1,FX,NFX
14-Sep-2010,USDEUR,0.7766,0.7792,0.7673,0.7694,0,0,0,1,FX,NFX
15-Sep-2010,USDEUR,0.7694,0.7717,0.7671,0.7685,0,0,0,1,FX,NFX
16-Sep-2010,USDEUR,0.7686,0.7706,0.7629,0.7648,0,0,0,1,FX,NFX
17-Sep-2010,USDEUR,0.7647,0.7679,0.7602,0.7665,0,0,0,1,FX,NFX
20-Sep-2010,USDEUR,0.7657,0.7672,0.7623,0.7656,0,0,0,1,FX,NFX
21-Sep-2010,USDEUR,0.7656,0.7658,0.7634,0.7651,0,0,0,1,FX,NFX
22-Sep-2010,USDEUR,0.7544,0.7547,0.7444,0.7464,0,0,0,1,FX,NFX
23-Sep-2010,USDEUR,0.7459,0.7513,0.7456,0.751,0,0,0,1,FX,NFX
24-Sep-2010,USDEUR,0.7508,0.7525,0.7409,0.7412,0,0,0,1,FX,NFX
27-Sep-2010,USDEUR,0.7416,0.7445,0.7406,0.7437,0,0,0,1,FX,NFX
28-Sep-2010,USDEUR,0.7432,0.747,0.7355,0.7363,0,0,0,1,FX,NFX
29-Sep-2010,USDEUR,0.7361,0.7371,0.7328,0.7341,0,0,0,1,FX,NFX
30-Sep-2010,USDEUR,0.7339,0.7372,0.7311,0.7335,0,0,0,1,FX,NFX
01-Oct-2010,USDEUR,0.7334,0.7343,0.7251,0.7251,0,0,0,1,FX,NFX
04-Oct-2010,USDEUR,0.7249,0.7315,0.7241,0.7308,0,0,0,1,FX,NFX
05-Oct-2010,USDEUR,0.7308,0.7331,0.7216,0.7228,0,0,0,1,FX,NFX
06-Oct-2010,USDEUR,0.7227,0.7245,0.7171,0.718,0,0,0,1,FX,NFX
07-Oct-2010,USDEUR,0.7178,0.7216,0.7134,0.7181,0,0,0,1,FX,NFX
08-Oct-2010,USDEUR,0.718,0.722,0.7154,0.7178,0,0,0,1,FX,NFX
11-Oct-2010,USDEUR,0.7146,0.7208,0.714,0.7208,0,0,0,1,FX,NFX
12-Oct-2010,USDEUR,0.7207,0.7257,0.718,0.7184,0,0,0,1,FX,NFX
13-Oct-2010,USDEUR,0.7181,0.7188,0.7144,0.7163,0,0,0,1,FX,NFX
14-Oct-2010,USDEUR,0.7162,0.7165,0.7084,0.7101,0,0,0,1,FX,NFX
15-Oct-2010,USDEUR,0.71,0.7168,0.7074,0.7156,0,0,0,1,FX,NFX
18-Oct-2010,USDEUR,0.7148,0.7227,0.7145,0.7173,0,0,0,1,FX,NFX
19-Oct-2010,USDEUR,0.7177,0.729,0.7147,0.7284,0,0,0,1,FX,NFX
20-Oct-2010,USDEUR,0.7284,0.7301,0.7151,0.7165,0,0,0,1,FX,NFX
21-Oct-2010,USDEUR,0.7162,0.7208,0.7121,0.7184,0,0,0,1,FX,NFX
22-Oct-2010,USDEUR,0.7185,0.7213,0.716,0.7169,0,0,0,1,FX,NFX
25-Oct-2010,USDEUR,0.7158,0.7176,0.7104,0.7157,0,0,0,1,FX,NFX
26-Oct-2010,USDEUR,0.7162,0.7233,0.7153,0.7217,0,0,0,1,FX,NFX
27-Oct-2010,USDEUR,0.7216,0.7279,0.7206,0.7264,0,0,0,1,FX,NFX
28-Oct-2010,USDEUR,0.7264,0.7267,0.7173,0.7179,0,0,0,1,FX,NFX
29-Oct-2010,USDEUR,0.7177,0.7242,0.717,0.7176,0,0,0,1,FX,NFX
01-Nov-2010,USDEUR,0.7165,0.7207,0.7138,0.7198,0,0,0,1,FX,NFX
02-Nov-2010,USDEUR,0.7199,0.7204,0.7115,0.7127,0,0,0,1,FX,NFX
03-Nov-2010,USDEUR,0.7126,0.7147,0.7072,0.7073,0,0,0,1,FX,NFX
04-Nov-2010,USDEUR,0.7075,0.709,0.7008,0.7038,0,0,0,1,FX,NFX
05-Nov-2010,USDEUR,0.7039,0.7128,0.7023,0.7127,0,0,0,1,FX,NFX
08-Nov-2010,USDEUR,0.7124,0.7199,0.7103,0.7186,0,0,0,1,FX,NFX
09-Nov-2010,USDEUR,0.7184,0.727,0.7159,0.7259,0,0,0,1,FX,NFX
10-Nov-2010,USDEUR,0.7259,0.7314,0.7237,0.7255,0,0,0,1,FX,NFX
11-Nov-2010,USDEUR,0.7257,0.7332,0.7237,0.7317,0,0,0,1,FX,NFX
12-Nov-2010,USDEUR,0.7315,0.7366,0.7264,0.7303,0,0,0,1,FX,NFX
15-Nov-2010,USDEUR,0.7296,0.737,0.7274,0.7362,0,0,0,1,FX,NFX
16-Nov-2010,USDEUR,0.7364,0.7432,0.7322,0.7412,0,0,0,1,FX,NFX
17-Nov-2010,USDEUR,0.7413,0.7428,0.7376,0.7395,0,0,0,1,FX,NFX
18-Nov-2010,USDEUR,0.7391,0.7392,0.732,0.7329,0,0,0,1,FX,NFX
19-Nov-2010,USDEUR,0.7329,0.7347,0.7283,0.7314,0,0,0,1,FX,NFX
22-Nov-2010,USDEUR,0.7289,0.7364,0.7255,0.7341,0,0,0,1,FX,NFX
23-Nov-2010,USDEUR,0.7341,0.7485,0.7335,0.7482,0,0,0,1,FX,NFX
24-Nov-2010,USDEUR,0.7482,0.7525,0.7452,0.7504,0,0,0,1,FX,NFX
25-Nov-2010,USDEUR,0.75,0.7526,0.7472,0.7486,0,0,0,1,FX,NFX
26-Nov-2010,USDEUR,0.7486,0.7573,0.7485,0.7553,0,0,0,1,FX,NFX
29-Nov-2010,USDEUR,0.7527,0.7651,0.7519,0.7618,0,0,0,1,FX,NFX
30-Nov-2010,USDEUR,0.762,0.7708,0.7606,0.7702,0,0,0,1,FX,NFX
01-Dec-2010,USDEUR,0.7703,0.7707,0.759,0.7611,0,0,0,1,FX,NFX
02-Dec-2010,USDEUR,0.7611,0.7653,0.7552,0.7564,0,0,0,1,FX,NFX
03-Dec-2010,USDEUR,0.7571,0.7579,0.7449,0.7455,0,0,0,1,FX,NFX
06-Dec-2010,USDEUR,0.7473,0.7548,0.7451,0.7515,0,0,0,1,FX,NFX
07-Dec-2010,USDEUR,0.7515,0.7543,0.7465,0.7541,0,0,0,1,FX,NFX
08-Dec-2010,USDEUR,0.7542,0.7586,0.753,0.7543,0,0,0,1,FX,NFX
09-Dec-2010,USDEUR,0.7539,0.7593,0.7507,0.7553,0,0,0,1,FX,NFX
10-Dec-2010,USDEUR,0.7554,0.7587,0.753,0.7561,0,0,0,1,FX,NFX
13-Dec-2010,USDEUR,0.7577,0.7585,0.7446,0.7466,0,0,0,1,FX,NFX
14-Dec-2010,USDEUR,0.7467,0.7481,0.7409,0.7472,0,0,0,1,FX,NFX
15-Dec-2010,USDEUR,0.7476,0.757,0.7475,0.757,0,0,0,1,FX,NFX
16-Dec-2010,USDEUR,0.7568,0.7585,0.7536,0.7552,0,0,0,1,FX,NFX
17-Dec-2010,USDEUR,0.755,0.7612,0.7489,0.7583,0,0,0,1,FX,NFX
20-Dec-2010,USDEUR,0.7585,0.7634,0.7584,0.7619,0,0,0,1,FX,NFX
21-Dec-2010,USDEUR,0.7618,0.7647,0.7578,0.7634,0,0,0,1,FX,NFX
22-Dec-2010,USDEUR,0.7632,0.7648,0.759,0.7634,0,0,0,1,FX,NFX
23-Dec-2010,USDEUR,0.7647,0.7657,0.7605,0.7626,0,0,0,1,FX,NFX
24-Dec-2010,USDEUR,0.7625,0.7631,0.7608,0.7623,0,0,0,1,FX,NFX
27-Dec-2010,USDEUR,0.7624,0.7647,0.7592,0.7597,0,0,0,1,FX,NFX
28-Dec-2010,USDEUR,0.7597,0.7636,0.7533,0.7624,0,0,0,1,FX,NFX
29-Dec-2010,USDEUR,0.7626,0.7642,0.7556,0.7562,0,0,0,1,FX,NFX
30-Dec-2010,USDEUR,0.7563,0.7566,0.7515,0.7525,0,0,0,1,FX,NFX
31-Dec-2010,USDEUR,0.7524,0.7527,0.745,0.747,0,0,0,1,FX,NFX
03-Jan-2011,USDEUR,0.7493,0.7544,0.7468,0.7484,0,0,0,1,FX,NFX
04-Jan-2011,USDEUR,0.7484,0.7522,0.7445,0.7516,0,0,0,1,FX,NFX
05-Jan-2011,USDEUR,0.7516,0.7617,0.7506,0.7603,0,0,0,1,FX,NFX
06-Jan-2011,USDEUR,0.7602,0.7692,0.7593,0.7691,0,0,0,1,FX,NFX
07-Jan-2011,USDEUR,0.7691,0.7747,0.768,0.7744,0,0,0,1,FX,NFX
10-Jan-2011,USDEUR,0.7767,0.7767,0.7715,0.772,0,0,0,1,FX,NFX
11-Jan-2011,USDEUR,0.7722,0.7745,0.7701,0.7709,0,0,0,1,FX,NFX
12-Jan-2011,USDEUR,0.7709,0.7713,0.7609,0.7616,0,0,0,1,FX,NFX
13-Jan-2011,USDEUR,0.7614,0.7639,0.7475,0.7484,0,0,0,1,FX,NFX
14-Jan-2011,USDEUR,0.7484,0.751,0.7437,0.747,0,0,0,1,FX,NFX
17-Jan-2011,USDEUR,0.7473,0.7546,0.7472,0.7523,0,0,0,1,FX,NFX
18-Jan-2011,USDEUR,0.7523,0.7544,0.7432,0.7469,0,0,0,1,FX,NFX
19-Jan-2011,USDEUR,0.747,0.748,0.7389,0.7423,0,0,0,1,FX,NFX
20-Jan-2011,USDEUR,0.7422,0.7461,0.7398,0.7423,0,0,0,1,FX,NFX
21-Jan-2011,USDEUR,0.7422,0.7436,0.7341,0.7341,0,0,0,1,FX,NFX
24-Jan-2011,USDEUR,0.733,0.7382,0.7307,0.7334,0,0,0,1,FX,NFX
25-Jan-2011,USDEUR,0.7331,0.7367,0.7298,0.7308,0,0,0,1,FX,NFX
26-Jan-2011,USDEUR,0.7308,0.7324,0.729,0.7294,0,0,0,1,FX,NFX
27-Jan-2011,USDEUR,0.7296,0.7327,0.727,0.7282,0,0,0,1,FX,NFX
28-Jan-2011,USDEUR,0.7282,0.7362,0.7277,0.7347,0,0,0,1,FX,NFX
31-Jan-2011,USDEUR,0.736,0.7368,0.7279,0.7305,0,0,0,1,FX,NFX
01-Feb-2011,USDEUR,0.7302,0.7306,0.7225,0.723,0,0,0,1,FX,NFX
02-Feb-2011,USDEUR,0.723,0.7263,0.7215,0.7241,0,0,0,1,FX,NFX
03-Feb-2011,USDEUR,0.7241,0.7346,0.7235,0.7336,0,0,0,1,FX,NFX
04-Feb-2011,USDEUR,0.7339,0.7382,0.7326,0.7361,0,0,0,1,FX,NFX
07-Feb-2011,USDEUR,0.7374,0.7403,0.7341,0.736,0,0,0,1,FX,NFX
08-Feb-2011,USDEUR,0.736,0.7368,0.7307,0.7341,0,0,0,1,FX,NFX
09-Feb-2011,USDEUR,0.7339,0.7345,0.728,0.7284,0,0,0,1,FX,NFX
10-Feb-2011,USDEUR,0.7283,0.7363,0.7283,0.7351,0,0,0,1,FX,NFX
11-Feb-2011,USDEUR,0.7351,0.7408,0.7343,0.7382,0,0,0,1,FX,NFX
14-Feb-2011,USDEUR,0.7398,0.7445,0.7378,0.7415,0,0,0,1,FX,NFX
15-Feb-2011,USDEUR,0.7415,0.7427,0.7383,0.7416,0,0,0,1,FX,NFX
16-Feb-2011,USDEUR,0.7416,0.7426,0.7362,0.7369,0,0,0,1,FX,NFX
17-Feb-2011,USDEUR,0.7369,0.7386,0.7345,0.7349,0,0,0,1,FX,NFX
18-Feb-2011,USDEUR,0.7348,0.7381,0.7292,0.7301,0,0,0,1,FX,NFX
21-Feb-2011,USDEUR,0.73,0.7326,0.7292,0.7309,0,0,0,1,FX,NFX
22-Feb-2011,USDEUR,0.7309,0.739,0.7299,0.7322,0,0,0,1,FX,NFX
23-Feb-2011,USDEUR,0.7327,0.7327,0.7256,0.7275,0,0,0,1,FX,NFX
24-Feb-2011,USDEUR,0.7274,0.7297,0.7238,0.7245,0,0,0,1,FX,NFX
25-Feb-2011,USDEUR,0.7246,0.7286,0.7228,0.7272,0,0,0,1,FX,NFX
28-Feb-2011,USDEUR,0.7268,0.7292,0.7219,0.7245,0,0,0,1,FX,NFX
01-Mar-2011,USDEUR,0.7243,0.7264,0.7221,0.7259,0,0,0,1,FX,NFX
02-Mar-2011,USDEUR,0.7258,0.7274,0.7201,0.721,0,0,0,1,FX,NFX
03-Mar-2011,USDEUR,0.7213,0.7228,0.7159,0.7161,0,0,0,1,FX,NFX
04-Mar-2011,USDEUR,0.7159,0.7169,0.7141,0.7149,0,0,0,1,FX,NFX
07-Mar-2011,USDEUR,0.7147,0.7165,0.7126,0.7157,0,0,0,1,FX,NFX
08-Mar-2011,USDEUR,0.716,0.7211,0.7147,0.7193,0,0,0,1,FX,NFX
09-Mar-2011,USDEUR,0.7189,0.7217,0.7175,0.719,0,0,0,1,FX,NFX
10-Mar-2011,USDEUR,0.7189,0.7258,0.7182,0.7248,0,0,0,1,FX,NFX
11-Mar-2011,USDEUR,0.7248,0.727,0.7188,0.7191,0,0,0,1,FX,NFX
14-Mar-2011,USDEUR,0.716,0.719,0.7142,0.7147,0,0,0,1,FX,NFX
15-Mar-2011,USDEUR,0.7148,0.7216,0.7137,0.7144,0,0,0,1,FX,NFX
16-Mar-2011,USDEUR,0.7141,0.7211,0.7141,0.7195,0,0,0,1,FX,NFX
17-Mar-2011,USDEUR,0.7194,0.7209,0.7124,0.713,0,0,0,1,FX,NFX
18-Mar-2011,USDEUR,0.7135,0.7153,0.7049,0.7049,0,0,0,1,FX,NFX
21-Mar-2011,USDEUR,0.7046,0.7069,0.7025,0.7029,0,0,0,1,FX,NFX
22-Mar-2011,USDEUR,0.7028,0.705,0.7018,0.7045,0,0,0,1,FX,NFX
23-Mar-2011,USDEUR,0.7044,0.7098,0.7037,0.7098,0,0,0,1,FX,NFX
24-Mar-2011,USDEUR,0.71,0.7116,0.7035,0.7055,0,0,0,1,FX,NFX
25-Mar-2011,USDEUR,0.7054,0.7115,0.7046,0.7099,0,0,0,1,FX,NFX
28-Mar-2011,USDEUR,0.7122,0.7132,0.7086,0.7097,0,0,0,1,FX,NFX
29-Mar-2011,USDEUR,0.7099,0.7117,0.7067,0.7085,0,0,0,1,FX,NFX
30-Mar-2011,USDEUR,0.7086,0.7115,0.7073,0.7079,0,0,0,1,FX,NFX
31-Mar-2011,USDEUR,0.708,0.7084,0.7026,0.7064,0,0,0,1,FX,NFX
01-Apr-2011,USDEUR,0.7062,0.7112,0.7021,0.7026,0,0,0,1,FX,NFX
04-Apr-2011,USDEUR,0.7027,0.7045,0.7012,0.7033,0,0,0,1,FX,NFX
05-Apr-2011,USDEUR,0.7032,0.7066,0.7023,0.703,0,0,0,1,FX,NFX
06-Apr-2011,USDEUR,0.7032,0.7035,0.6971,0.6978,0,0,0,1,FX,NFX
07-Apr-2011,USDEUR,0.6979,0.7018,0.6976,0.6989,0,0,0,1,FX,NFX
08-Apr-2011,USDEUR,0.6987,0.6998,0.6904,0.6905,0,0,0,1,FX,NFX
11-Apr-2011,USDEUR,0.6912,0.6934,0.6906,0.6926,0,0,0,1,FX,NFX
12-Apr-2011,USDEUR,0.6927,0.6954,0.6889,0.6906,0,0,0,1,FX,NFX
13-Apr-2011,USDEUR,0.6907,0.6938,0.6888,0.6925,0,0,0,1,FX,NFX
14-Apr-2011,USDEUR,0.6924,0.6962,0.6889,0.6903,0,0,0,1,FX,NFX
15-Apr-2011,USDEUR,0.6902,0.6947,0.6895,0.6931,0,0,0,1,FX,NFX
18-Apr-2011,USDEUR,0.694,0.7064,0.6936,0.7025,0,0,0,1,FX,NFX
19-Apr-2011,USDEUR,0.7026,0.7039,0.6971,0.6977,0,0,0,1,FX,NFX
20-Apr-2011,USDEUR,0.6976,0.6979,0.6879,0.6885,0,0,0,1,FX,NFX
21-Apr-2011,USDEUR,0.6887,0.6894,0.6827,0.6871,0,0,0,1,FX,NFX
22-Apr-2011,USDEUR,0.6873,0.688,0.6854,0.6867,0,0,0,1,FX,NFX
25-Apr-2011,USDEUR,0.6866,0.6882,0.684,0.686,0,0,0,1,FX,NFX
26-Apr-2011,USDEUR,0.6859,0.6898,0.6826,0.6831,0,0,0,1,FX,NFX
27-Apr-2011,USDEUR,0.6828,0.6834,0.6761,0.6764,0,0,0,1,FX,NFX
28-Apr-2011,USDEUR,0.6764,0.677,0.6723,0.6745,0,0,0,1,FX,NFX
29-Apr-2011,USDEUR,0.6747,0.6755,0.6723,0.6754,0,0,0,1,FX,NFX
02-May-2011,USDEUR,0.6748,0.677,0.6713,0.6743,0,0,0,1,FX,NFX
03-May-2011,USDEUR,0.6744,0.6776,0.6719,0.6745,0,0,0,1,FX,NFX
04-May-2011,USDEUR,0.6744,0.6765,0.6697,0.6743,0,0,0,1,FX,NFX
05-May-2011,USDEUR,0.6745,0.6889,0.6713,0.6877,0,0,0,1,FX,NFX
06-May-2011,USDEUR,0.6879,0.6984,0.6856,0.6983,0,0,0,1,FX,NFX
09-May-2011,USDEUR,0.6962,0.7013,0.6926,0.6964,0,0,0,1,FX,NFX
10-May-2011,USDEUR,0.6962,0.7005,0.6939,0.694,0,0,0,1,FX,NFX
11-May-2011,USDEUR,0.6941,0.7055,0.6934,0.7046,0,0,0,1,FX,NFX
12-May-2011,USDEUR,0.7046,0.7079,0.7005,0.7021,0,0,0,1,FX,NFX
13-May-2011,USDEUR,0.702,0.7107,0.6978,0.7085,0,0,0,1,FX,NFX
16-May-2011,USDEUR,0.7098,0.7117,0.7022,0.7063,0,0,0,1,FX,NFX
17-May-2011,USDEUR,0.7064,0.7078,0.7023,0.7025,0,0,0,1,FX,NFX
18-May-2011,USDEUR,0.7024,0.7044,0.7,0.7021,0,0,0,1,FX,NFX
19-May-2011,USDEUR,0.7019,0.7037,0.6983,0.6987,0,0,0,1,FX,NFX
20-May-2011,USDEUR,0.6988,0.7072,0.6973,0.7064,0,0,0,1,FX,NFX
23-May-2011,USDEUR,0.7081,0.7156,0.7069,0.7119,0,0,0,1,FX,NFX
24-May-2011,USDEUR,0.712,0.7127,0.7077,0.7093,0,0,0,1,FX,NFX
25-May-2011,USDEUR,0.7092,0.7135,0.7085,0.71,0,0,0,1,FX,NFX
26-May-2011,USDEUR,0.7099,0.7107,0.7042,0.7072,0,0,0,1,FX,NFX
27-May-2011,USDEUR,0.7074,0.708,0.6985,0.6985,0,0,0,1,FX,NFX
30-May-2011,USDEUR,0.6982,0.7014,0.6982,0.7002,0,0,0,1,FX,NFX
31-May-2011,USDEUR,0.7003,0.7003,0.6935,0.6946,0,0,0,1,FX,NFX
01-Jun-2011,USDEUR,0.6946,0.6981,0.6917,0.6977,0,0,0,1,FX,NFX
02-Jun-2011,USDEUR,0.698,0.6986,0.6893,0.6903,0,0,0,1,FX,NFX
03-Jun-2011,USDEUR,0.6901,0.6915,0.683,0.6834,0,0,0,1,FX,NFX
06-Jun-2011,USDEUR,0.6844,0.6867,0.6823,0.686,0,0,0,1,FX,NFX
07-Jun-2011,USDEUR,0.6862,0.6865,0.6805,0.6806,0,0,0,1,FX,NFX
08-Jun-2011,USDEUR,0.6808,0.6865,0.6805,0.6858,0,0,0,1,FX,NFX
09-Jun-2011,USDEUR,0.6859,0.6905,0.683,0.6891,0,0,0,1,FX,NFX
10-Jun-2011,USDEUR,0.6893,0.698,0.6874,0.6971,0,0,0,1,FX,NFX
13-Jun-2011,USDEUR,0.6979,0.6983,0.6932,0.6939,0,0,0,1,FX,NFX
14-Jun-2011,USDEUR,0.6936,0.6954,0.6898,0.6925,0,0,0,1,FX,NFX
15-Jun-2011,USDEUR,0.6925,0.7064,0.692,0.7054,0,0,0,1,FX,NFX
16-Jun-2011,USDEUR,0.7053,0.7104,0.7035,0.7037,0,0,0,1,FX,NFX
17-Jun-2011,USDEUR,0.7041,0.7078,0.6978,0.6993,0,0,0,1,FX,NFX
20-Jun-2011,USDEUR,0.7005,0.7046,0.698,0.6991,0,0,0,1,FX,NFX
21-Jun-2011,USDEUR,0.6988,0.6992,0.6935,0.694,0,0,0,1,FX,NFX
22-Jun-2011,USDEUR,0.6938,0.6971,0.6926,0.6966,0,0,0,1,FX,NFX
23-Jun-2011,USDEUR,0.6966,0.7077,0.6966,0.7015,0,0,0,1,FX,NFX
24-Jun-2011,USDEUR,0.7013,0.7067,0.6992,0.7046,0,0,0,1,FX,NFX
27-Jun-2011,USDEUR,0.7046,0.7089,0.6998,0.7001,0,0,0,1,FX,NFX
28-Jun-2011,USDEUR,0.7,0.7023,0.6948,0.6959,0,0,0,1,FX,NFX
29-Jun-2011,USDEUR,0.6958,0.6973,0.6924,0.6927,0,0,0,1,FX,NFX
30-Jun-2011,USDEUR,0.6926,0.6931,0.688,0.6899,0,0,0,1,FX,NFX
01-Jul-2011,USDEUR,0.6896,0.6922,0.6876,0.6884,0,0,0,1,FX,NFX
04-Jul-2011,USDEUR,0.6881,0.6898,0.6862,0.6881,0,0,0,1,FX,NFX
05-Jul-2011,USDEUR,0.688,0.6943,0.6872,0.6933,0,0,0,1,FX,NFX
06-Jul-2011,USDEUR,0.6928,0.6998,0.6914,0.6985,0,0,0,1,FX,NFX
07-Jul-2011,USDEUR,0.6982,0.7027,0.6959,0.6965,0,0,0,1,FX,NFX
08-Jul-2011,USDEUR,0.6963,0.7034,0.6961,0.701,0,0,0,1,FX,NFX
11-Jul-2011,USDEUR,0.704,0.7147,0.7029,0.7127,0,0,0,1,FX,NFX
12-Jul-2011,USDEUR,0.7127,0.7226,0.7113,0.7156,0,0,0,1,FX,NFX
13-Jul-2011,USDEUR,0.7153,0.7167,0.7047,0.7064,0,0,0,1,FX,NFX
14-Jul-2011,USDEUR,0.7059,0.7082,0.7006,0.707,0,0,0,1,FX,NFX
15-Jul-2011,USDEUR,0.7068,0.7094,0.7046,0.7066,0,0,0,1,FX,NFX
18-Jul-2011,USDEUR,0.7086,0.7133,0.7076,0.7085,0,0,0,1,FX,NFX
19-Jul-2011,USDEUR,0.7086,0.7107,0.7037,0.7067,0,0,0,1,FX,NFX
20-Jul-2011,USDEUR,0.7065,0.7076,0.7024,0.7034,0,0,0,1,FX,NFX
21-Jul-2011,USDEUR,0.7036,0.707,0.6929,0.6929,0,0,0,1,FX,NFX
22-Jul-2011,USDEUR,0.6933,0.698,0.6925,0.6963,0,0,0,1,FX,NFX
25-Jul-2011,USDEUR,0.6946,0.6979,0.6942,0.6956,0,0,0,1,FX,NFX
26-Jul-2011,USDEUR,0.6954,0.6964,0.6885,0.6892,0,0,0,1,FX,NFX
27-Jul-2011,USDEUR,0.6893,0.6972,0.6881,0.6962,0,0,0,1,FX,NFX
28-Jul-2011,USDEUR,0.696,0.7013,0.6946,0.6979,0,0,0,1,FX,NFX
29-Jul-2011,USDEUR,0.6977,0.7026,0.6942,0.6948,0,0,0,1,FX,NFX
01-Aug-2011,USDEUR,0.6953,0.7048,0.692,0.7018,0,0,0,1,FX,NFX
02-Aug-2011,USDEUR,0.7019,0.7065,0.7003,0.7042,0,0,0,1,FX,NFX
03-Aug-2011,USDEUR,0.7039,0.7065,0.6974,0.6983,0,0,0,1,FX,NFX
04-Aug-2011,USDEUR,0.6982,0.7095,0.6963,0.709,0,0,0,1,FX,NFX
05-Aug-2011,USDEUR,0.7095,0.7113,0.6996,0.7004,0,0,0,1,FX,NFX
08-Aug-2011,USDEUR,0.6935,0.7072,0.6933,0.7053,0,0,0,1,FX,NFX
09-Aug-2011,USDEUR,0.705,0.7064,0.6958,0.6959,0,0,0,1,FX,NFX
10-Aug-2011,USDEUR,0.6957,0.7059,0.6944,0.7052,0,0,0,1,FX,NFX
11-Aug-2011,USDEUR,0.7053,0.7088,0.7003,0.7026,0,0,0,1,FX,NFX
12-Aug-2011,USDEUR,0.7022,0.7065,0.7001,0.7018,0,0,0,1,FX,NFX
15-Aug-2011,USDEUR,0.7009,0.7016,0.6911,0.6924,0,0,0,1,FX,NFX
16-Aug-2011,USDEUR,0.6923,0.6965,0.692,0.6942,0,0,0,1,FX,NFX
17-Aug-2011,USDEUR,0.6943,0.6974,0.6891,0.6927,0,0,0,1,FX,NFX
18-Aug-2011,USDEUR,0.6932,0.7005,0.6922,0.6978,0,0,0,1,FX,NFX
19-Aug-2011,USDEUR,0.6977,0.701,0.692,0.6945,0,0,0,1,FX,NFX
22-Aug-2011,USDEUR,0.6957,0.6968,0.6928,0.6964,0,0,0,1,FX,NFX
23-Aug-2011,USDEUR,0.6965,0.6966,0.69,0.6926,0,0,0,1,FX,NFX
24-Aug-2011,USDEUR,0.6925,0.6949,0.6906,0.6938,0,0,0,1,FX,NFX
25-Aug-2011,USDEUR,0.694,0.6978,0.6909,0.6955,0,0,0,1,FX,NFX
26-Aug-2011,USDEUR,0.6956,0.6976,0.6897,0.6897,0,0,0,1,FX,NFX
29-Aug-2011,USDEUR,0.6896,0.6912,0.6875,0.6891,0,0,0,1,FX,NFX
30-Aug-2011,USDEUR,0.6892,0.6948,0.6882,0.6925,0,0,0,1,FX,NFX
31-Aug-2011,USDEUR,0.6923,0.6964,0.6915,0.6956,0,0,0,1,FX,NFX
01-Sep-2011,USDEUR,0.696,0.7028,0.6952,0.7012,0,0,0,1,FX,NFX
02-Sep-2011,USDEUR,0.7013,0.7049,0.7,0.7037,0,0,0,1,FX,NFX
05-Sep-2011,USDEUR,0.7059,0.7108,0.7056,0.7094,0,0,0,1,FX,NFX
06-Sep-2011,USDEUR,0.7093,0.7156,0.7024,0.7145,0,0,0,1,FX,NFX
07-Sep-2011,USDEUR,0.7144,0.7147,0.7083,0.7094,0,0,0,1,FX,NFX
08-Sep-2011,USDEUR,0.709,0.7206,0.709,0.7204,0,0,0,1,FX,NFX
09-Sep-2011,USDEUR,0.7202,0.7336,0.7177,0.7325,0,0,0,1,FX,NFX
12-Sep-2011,USDEUR,0.7356,0.7399,0.7308,0.731,0,0,0,1,FX,NFX
13-Sep-2011,USDEUR,0.7311,0.737,0.728,0.731,0,0,0,1,FX,NFX
14-Sep-2011,USDEUR,0.7309,0.7356,0.7258,0.727,0,0,0,1,FX,NFX
15-Sep-2011,USDEUR,0.7269,0.7296,0.7181,0.7206,0,0,0,1,FX,NFX
16-Sep-2011,USDEUR,0.7205,0.7269,0.72,0.7249,0,0,0,1,FX,NFX
19-Sep-2011,USDEUR,0.7299,0.736,0.729,0.7303,0,0,0,1,FX,NFX
20-Sep-2011,USDEUR,0.7308,0.7352,0.7283,0.7301,0,0,0,1,FX,NFX
21-Sep-2011,USDEUR,0.7298,0.7371,0.7255,0.7369,0,0,0,1,FX,NFX
22-Sep-2011,USDEUR,0.7367,0.7469,0.7352,0.7427,0,0,0,1,FX,NFX
23-Sep-2011,USDEUR,0.7428,0.745,0.7372,0.7404,0,0,0,1,FX,NFX
26-Sep-2011,USDEUR,0.739,0.7482,0.7381,0.7391,0,0,0,1,FX,NFX
27-Sep-2011,USDEUR,0.7388,0.7418,0.7319,0.7357,0,0,0,1,FX,NFX
28-Sep-2011,USDEUR,0.7358,0.7389,0.7307,0.7382,0,0,0,1,FX,NFX
29-Sep-2011,USDEUR,0.7384,0.7396,0.7312,0.7357,0,0,0,1,FX,NFX
30-Sep-2011,USDEUR,0.7354,0.747,0.7354,0.7465,0,0,0,1,FX,NFX
03-Oct-2011,USDEUR,0.7492,0.759,0.7475,0.7587,0,0,0,1,FX,NFX
04-Oct-2011,USDEUR,0.759,0.7603,0.7484,0.7492,0,0,0,1,FX,NFX
05-Oct-2011,USDEUR,0.749,0.7539,0.7473,0.7495,0,0,0,1,FX,NFX
06-Oct-2011,USDEUR,0.7492,0.755,0.7435,0.7443,0,0,0,1,FX,NFX
07-Oct-2011,USDEUR,0.7442,0.7483,0.7395,0.7477,0,0,0,1,FX,NFX
10-Oct-2011,USDEUR,0.747,0.7475,0.7303,0.7328,0,0,0,1,FX,NFX
11-Oct-2011,USDEUR,0.7329,0.7369,0.7307,0.7332,0,0,0,1,FX,NFX
12-Oct-2011,USDEUR,0.7334,0.7361,0.723,0.7254,0,0,0,1,FX,NFX
13-Oct-2011,USDEUR,0.7248,0.7306,0.7237,0.7258,0,0,0,1,FX,NFX
14-Oct-2011,USDEUR,0.7259,0.7287,0.72,0.7206,0,0,0,1,FX,NFX
17-Oct-2011,USDEUR,0.721,0.7286,0.7187,0.7282,0,0,0,1,FX,NFX
18-Oct-2011,USDEUR,0.7278,0.7323,0.7241,0.727,0,0,0,1,FX,NFX
19-Oct-2011,USDEUR,0.7271,0.7286,0.7211,0.7268,0,0,0,1,FX,NFX
20-Oct-2011,USDEUR,0.7268,0.7321,0.7227,0.7257,0,0,0,1,FX,NFX
21-Oct-2011,USDEUR,0.7258,0.7292,0.7195,0.7196,0,0,0,1,FX,NFX
24-Oct-2011,USDEUR,0.7219,0.7234,0.7166,0.7181,0,0,0,1,FX,NFX
25-Oct-2011,USDEUR,0.7179,0.7208,0.7167,0.7188,0,0,0,1,FX,NFX
26-Oct-2011,USDEUR,0.719,0.7245,0.7163,0.7188,0,0,0,1,FX,NFX
27-Oct-2011,USDEUR,0.719,0.7211,0.7022,0.7048,0,0,0,1,FX,NFX
28-Oct-2011,USDEUR,0.7047,0.7073,0.7043,0.7067,0,0,0,1,FX,NFX
31-Oct-2011,USDEUR,0.7072,0.7228,0.7059,0.7211,0,0,0,1,FX,NFX
01-Nov-2011,USDEUR,0.7216,0.7342,0.721,0.7299,0,0,0,1,FX,NFX
02-Nov-2011,USDEUR,0.7298,0.733,0.7234,0.7274,0,0,0,1,FX,NFX
03-Nov-2011,USDEUR,0.7272,0.732,0.7221,0.7236,0,0,0,1,FX,NFX
04-Nov-2011,USDEUR,0.7235,0.7289,0.7218,0.7255,0,0,0,1,FX,NFX
07-Nov-2011,USDEUR,0.7256,0.7306,0.7229,0.7259,0,0,0,1,FX,NFX
08-Nov-2011,USDEUR,0.726,0.7284,0.7224,0.7228,0,0,0,1,FX,NFX
09-Nov-2011,USDEUR,0.7229,0.7394,0.7219,0.7383,0,0,0,1,FX,NFX
10-Nov-2011,USDEUR,0.7384,0.7415,0.7327,0.7349,0,0,0,1,FX,NFX
11-Nov-2011,USDEUR,0.735,0.7363,0.7254,0.7275,0,0,0,1,FX,NFX
14-Nov-2011,USDEUR,0.7248,0.7356,0.7248,0.7335,0,0,0,1,FX,NFX
15-Nov-2011,USDEUR,0.7336,0.7409,0.7334,0.7388,0,0,0,1,FX,NFX
16-Nov-2011,USDEUR,0.7387,0.7445,0.7378,0.7428,0,0,0,1,FX,NFX
17-Nov-2011,USDEUR,0.7429,0.745,0.739,0.7429,0,0,0,1,FX,NFX
18-Nov-2011,USDEUR,0.7428,0.7436,0.7349,0.7395,0,0,0,1,FX,NFX
21-Nov-2011,USDEUR,0.7401,0.7443,0.7388,0.7413,0,0,0,1,FX,NFX
22-Nov-2011,USDEUR,0.7415,0.7424,0.7372,0.7403,0,0,0,1,FX,NFX
23-Nov-2011,USDEUR,0.7404,0.7508,0.7391,0.7493,0,0,0,1,FX,NFX
24-Nov-2011,USDEUR,0.7496,0.7508,0.7459,0.7495,0,0,0,1,FX,NFX
25-Nov-2011,USDEUR,0.7493,0.7567,0.7491,0.7557,0,0,0,1,FX,NFX
28-Nov-2011,USDEUR,0.7507,0.753,0.7466,0.751,0,0,0,1,FX,NFX
29-Nov-2011,USDEUR,0.7508,0.7526,0.7443,0.7512,0,0,0,1,FX,NFX
30-Nov-2011,USDEUR,0.751,0.754,0.7399,0.7437,0,0,0,1,FX,NFX
01-Dec-2011,USDEUR,0.7438,0.7451,0.7397,0.7427,0,0,0,1,FX,NFX
02-Dec-2011,USDEUR,0.7429,0.7481,0.7389,0.7465,0,0,0,1,FX,NFX
05-Dec-2011,USDEUR,0.745,0.7475,0.7417,0.7465,0,0,0,1,FX,NFX
06-Dec-2011,USDEUR,0.7464,0.7499,0.745,0.7464,0,0,0,1,FX,NFX
07-Dec-2011,USDEUR,0.7462,0.749,0.7433,0.7456,0,0,0,1,FX,NFX
08-Dec-2011,USDEUR,0.7455,0.7524,0.7438,0.7493,0,0,0,1,FX,NFX
09-Dec-2011,USDEUR,0.7497,0.7528,0.7449,0.7472,0,0,0,1,FX,NFX
12-Dec-2011,USDEUR,0.7473,0.7594,0.7473,0.7584,0,0,0,1,FX,NFX
13-Dec-2011,USDEUR,0.7582,0.7686,0.7559,0.7672,0,0,0,1,FX,NFX
14-Dec-2011,USDEUR,0.7671,0.7723,0.7654,0.7703,0,0,0,1,FX,NFX
15-Dec-2011,USDEUR,0.7702,0.7713,0.7667,0.7684,0,0,0,1,FX,NFX
16-Dec-2011,USDEUR,0.7683,0.7692,0.7644,0.7671,0,0,0,1,FX,NFX
19-Dec-2011,USDEUR,0.7668,0.7703,0.7667,0.7693,0,0,0,1,FX,NFX
20-Dec-2011,USDEUR,0.7694,0.7694,0.7616,0.7645,0,0,0,1,FX,NFX
21-Dec-2011,USDEUR,0.7646,0.7675,0.7584,0.7665,0,0,0,1,FX,NFX
22-Dec-2011,USDEUR,0.7666,0.7679,0.7626,0.7662,0,0,0,1,FX,NFX
23-Dec-2011,USDEUR,0.7663,0.7672,0.7636,0.7663,0,0,0,1,FX,NFX
26-Dec-2011,USDEUR,0.7669,0.7673,0.7645,0.7657,0,0,0,1,FX,NFX
27-Dec-2011,USDEUR,0.7656,0.7667,0.7644,0.7651,0,0,0,1,FX,NFX
28-Dec-2011,USDEUR,0.7651,0.7743,0.7645,0.7728,0,0,0,1,FX,NFX
29-Dec-2011,USDEUR,0.7729,0.7775,0.7713,0.7717,0,0,0,1,FX,NFX
30-Dec-2011,USDEUR,0.7715,0.7747,0.7694,0.7726,0,0,0,1,FX,NFX
02-Jan-2012,USDEUR,0.7727,0.7741,0.7717,0.7732,0,0,0,1,FX,NFX
03-Jan-2012,USDEUR,0.773,0.7732,0.7649,0.7663,0,0,0,1,FX,NFX
04-Jan-2012,USDEUR,0.766,0.7749,0.7651,0.7725,0,0,0,1,FX,NFX
05-Jan-2012,USDEUR,0.7727,0.7826,0.7725,0.782,0,0,0,1,FX,NFX
06-Jan-2012,USDEUR,0.7822,0.7873,0.7806,0.7863,0,0,0,1,FX,NFX
09-Jan-2012,USDEUR,0.7873,0.7894,0.7823,0.7833,0,0,0,1,FX,NFX
10-Jan-2012,USDEUR,0.7833,0.7847,0.7803,0.7827,0,0,0,1,FX,NFX
11-Jan-2012,USDEUR,0.7826,0.7896,0.7821,0.787,0,0,0,1,FX,NFX
12-Jan-2012,USDEUR,0.7869,0.7873,0.7787,0.7803,0,0,0,1,FX,NFX
13-Jan-2012,USDEUR,0.7804,0.7916,0.7766,0.7888,0,0,0,1,FX,NFX
16-Jan-2012,USDEUR,0.7914,0.7918,0.7884,0.7894,0,0,0,1,FX,NFX
17-Jan-2012,USDEUR,0.7893,0.7905,0.7813,0.7852,0,0,0,1,FX,NFX
18-Jan-2012,USDEUR,0.7851,0.7853,0.7772,0.7772,0,0,0,1,FX,NFX
19-Jan-2012,USDEUR,0.7774,0.7786,0.7711,0.7711,0,0,0,1,FX,NFX
20-Jan-2012,USDEUR,0.7712,0.7755,0.7703,0.7731,0,0,0,1,FX,NFX
23-Jan-2012,USDEUR,0.7767,0.7767,0.7665,0.7683,0,0,0,1,FX,NFX
24-Jan-2012,USDEUR,0.7684,0.772,0.766,0.7671,0,0,0,1,FX,NFX
25-Jan-2012,USDEUR,0.7671,0.7732,0.7622,0.7631,0,0,0,1,FX,NFX
26-Jan-2012,USDEUR,0.763,0.7639,0.7591,0.763,0,0,0,1,FX,NFX
27-Jan-2012,USDEUR,0.7629,0.7646,0.7559,0.7563,0,0,0,1,FX,NFX
30-Jan-2012,USDEUR,0.7562,0.7643,0.7562,0.7609,0,0,0,1,FX,NFX
31-Jan-2012,USDEUR,0.7607,0.7664,0.757,0.7643,0,0,0,1,FX,NFX
01-Feb-2012,USDEUR,0.7645,0.7675,0.757,0.76,0,0,0,1,FX,NFX
02-Feb-2012,USDEUR,0.7599,0.7639,0.7579,0.7608,0,0,0,1,FX,NFX
03-Feb-2012,USDEUR,0.7606,0.7651,0.7585,0.7601,0,0,0,1,FX,NFX
06-Feb-2012,USDEUR,0.7625,0.7674,0.7611,0.7614,0,0,0,1,FX,NFX
07-Feb-2012,USDEUR,0.7618,0.7638,0.7538,0.7542,0,0,0,1,FX,NFX
08-Feb-2012,USDEUR,0.7541,0.7561,0.7526,0.7542,0,0,0,1,FX,NFX
09-Feb-2012,USDEUR,0.7541,0.7562,0.7509,0.7527,0,0,0,1,FX,NFX
10-Feb-2012,USDEUR,0.7528,0.7597,0.7525,0.7574,0,0,0,1,FX,NFX
13-Feb-2012,USDEUR,0.7571,0.7582,0.753,0.7582,0,0,0,1,FX,NFX
14-Feb-2012,USDEUR,0.7584,0.7644,0.7569,0.7617,0,0,0,1,FX,NFX
15-Feb-2012,USDEUR,0.7613,0.7665,0.7582,0.7652,0,0,0,1,FX,NFX
16-Feb-2012,USDEUR,0.7653,0.7706,0.7603,0.7613,0,0,0,1,FX,NFX
17-Feb-2012,USDEUR,0.7616,0.7625,0.7578,0.7609,0,0,0,1,FX,NFX
20-Feb-2012,USDEUR,0.7571,0.7585,0.7532,0.755,0,0,0,1,FX,NFX
21-Feb-2012,USDEUR,0.755,0.7582,0.7525,0.7556,0,0,0,1,FX,NFX
22-Feb-2012,USDEUR,0.7557,0.7569,0.754,0.7546,0,0,0,1,FX,NFX
23-Feb-2012,USDEUR,0.755,0.7556,0.7476,0.748,0,0,0,1,FX,NFX
24-Feb-2012,USDEUR,0.7479,0.7486,0.7418,0.7433,0,0,0,1,FX,NFX
27-Feb-2012,USDEUR,0.7428,0.748,0.7421,0.7464,0,0,0,1,FX,NFX
28-Feb-2012,USDEUR,0.7466,0.7468,0.7425,0.7428,0,0,0,1,FX,NFX
29-Feb-2012,USDEUR,0.743,0.7509,0.7416,0.7505,0,0,0,1,FX,NFX
01-Mar-2012,USDEUR,0.7504,0.7527,0.7488,0.7511,0,0,0,1,FX,NFX
02-Mar-2012,USDEUR,0.7512,0.7583,0.7501,0.7578,0,0,0,1,FX,NFX
05-Mar-2012,USDEUR,0.7581,0.7598,0.7554,0.7565,0,0,0,1,FX,NFX
06-Mar-2012,USDEUR,0.7566,0.7631,0.7561,0.7625,0,0,0,1,FX,NFX
07-Mar-2012,USDEUR,0.7627,0.7633,0.7598,0.7606,0,0,0,1,FX,NFX
08-Mar-2012,USDEUR,0.7605,0.7612,0.7525,0.7532,0,0,0,1,FX,NFX
09-Mar-2012,USDEUR,0.753,0.7633,0.753,0.7622,0,0,0,1,FX,NFX
12-Mar-2012,USDEUR,0.7627,0.7645,0.76,0.7601,0,0,0,1,FX,NFX
13-Mar-2012,USDEUR,0.7603,0.7662,0.7582,0.7643,0,0,0,1,FX,NFX
14-Mar-2012,USDEUR,0.7646,0.7685,0.764,0.7672,0,0,0,1,FX,NFX
15-Mar-2012,USDEUR,0.7674,0.7689,0.7626,0.7646,0,0,0,1,FX,NFX
16-Mar-2012,USDEUR,0.7645,0.7663,0.7587,0.7591,0,0,0,1,FX,NFX
19-Mar-2012,USDEUR,0.7586,0.7608,0.7543,0.7551,0,0,0,1,FX,NFX
20-Mar-2012,USDEUR,0.7553,0.7591,0.7548,0.7563,0,0,0,1,FX,NFX
21-Mar-2012,USDEUR,0.7562,0.7587,0.7529,0.7567,0,0,0,1,FX,NFX
22-Mar-2012,USDEUR,0.7569,0.7613,0.7545,0.7577,0,0,0,1,FX,NFX
23-Mar-2012,USDEUR,0.7576,0.7581,0.7525,0.7537,0,0,0,1,FX,NFX
26-Mar-2012,USDEUR,0.7536,0.758,0.7482,0.7487,0,0,0,1,FX,NFX
27-Mar-2012,USDEUR,0.7486,0.751,0.7472,0.7509,0,0,0,1,FX,NFX
28-Mar-2012,USDEUR,0.7511,0.7531,0.7481,0.751,0,0,0,1,FX,NFX
29-Mar-2012,USDEUR,0.7509,0.7543,0.7496,0.7518,0,0,0,1,FX,NFX
30-Mar-2012,USDEUR,0.7519,0.7522,0.7477,0.7496,0,0,0,1,FX,NFX
02-Apr-2012,USDEUR,0.7486,0.753,0.7476,0.7506,0,0,0,1,FX,NFX
03-Apr-2012,USDEUR,0.7509,0.7567,0.7483,0.7556,0,0,0,1,FX,NFX
04-Apr-2012,USDEUR,0.7559,0.7626,0.7552,0.7609,0,0,0,1,FX,NFX
05-Apr-2012,USDEUR,0.7609,0.767,0.7598,0.7653,0,0,0,1,FX,NFX
06-Apr-2012,USDEUR,0.7653,0.7661,0.763,0.7634,0,0,0,1,FX,NFX
09-Apr-2012,USDEUR,0.7632,0.7669,0.7614,0.7628,0,0,0,1,FX,NFX
10-Apr-2012,USDEUR,0.763,0.766,0.7609,0.7645,0,0,0,1,FX,NFX
11-Apr-2012,USDEUR,0.7647,0.7652,0.7605,0.7629,0,0,0,1,FX,NFX
12-Apr-2012,USDEUR,0.763,0.7631,0.7571,0.7583,0,0,0,1,FX,NFX
13-Apr-2012,USDEUR,0.7585,0.7651,0.7577,0.7646,0,0,0,1,FX,NFX
16-Apr-2012,USDEUR,0.7651,0.7691,0.7609,0.761,0,0,0,1,FX,NFX
17-Apr-2012,USDEUR,0.7612,0.7639,0.7596,0.762,0,0,0,1,FX,NFX
18-Apr-2012,USDEUR,0.7617,0.7658,0.761,0.7622,0,0,0,1,FX,NFX
19-Apr-2012,USDEUR,0.7621,0.7651,0.7603,0.7612,0,0,0,1,FX,NFX
20-Apr-2012,USDEUR,0.7612,0.7616,0.7562,0.7566,0,0,0,1,FX,NFX
23-Apr-2012,USDEUR,0.7579,0.763,0.7571,0.7599,0,0,0,1,FX,NFX
24-Apr-2012,USDEUR,0.7601,0.7606,0.7567,0.7578,0,0,0,1,FX,NFX
25-Apr-2012,USDEUR,0.7578,0.7589,0.7559,0.7567,0,0,0,1,FX,NFX
26-Apr-2012,USDEUR,0.7564,0.7576,0.7541,0.7557,0,0,0,1,FX,NFX
27-Apr-2012,USDEUR,0.7567,0.76,0.7538,0.755,0,0,0,1,FX,NFX
30-Apr-2012,USDEUR,0.7552,0.757,0.754,0.7552,0,0,0,1,FX,NFX
01-May-2012,USDEUR,0.7551,0.7571,0.7529,0.7554,0,0,0,1,FX,NFX
02-May-2012,USDEUR,0.7556,0.7616,0.7551,0.7599,0,0,0,1,FX,NFX
03-May-2012,USDEUR,0.7602,0.7624,0.7591,0.7604,0,0,0,1,FX,NFX
04-May-2012,USDEUR,0.7603,0.7645,0.759,0.7644,0,0,0,1,FX,NFX
07-May-2012,USDEUR,0.7677,0.7715,0.7654,0.7662,0,0,0,1,FX,NFX
08-May-2012,USDEUR,0.7661,0.7701,0.7652,0.7688,0,0,0,1,FX,NFX
09-May-2012,USDEUR,0.7688,0.7745,0.7688,0.7734,0,0,0,1,FX,NFX
10-May-2012,USDEUR,0.7735,0.7737,0.7706,0.773,0,0,0,1,FX,NFX
11-May-2012,USDEUR,0.7726,0.7748,0.772,0.7741,0,0,0,1,FX,NFX
14-May-2012,USDEUR,0.775,0.7799,0.775,0.7797,0,0,0,1,FX,NFX
15-May-2012,USDEUR,0.78,0.786,0.7771,0.7856,0,0,0,1,FX,NFX
16-May-2012,USDEUR,0.7856,0.7885,0.7839,0.7863,0,0,0,1,FX,NFX
17-May-2012,USDEUR,0.7867,0.7893,0.7844,0.7875,0,0,0,1,FX,NFX
18-May-2012,USDEUR,0.7874,0.7909,0.782,0.7826,0,0,0,1,FX,NFX
21-May-2012,USDEUR,0.7833,0.7854,0.7799,0.7805,0,0,0,1,FX,NFX
22-May-2012,USDEUR,0.7801,0.7893,0.7801,0.7886,0,0,0,1,FX,NFX
23-May-2012,USDEUR,0.7883,0.7971,0.7883,0.7949,0,0,0,1,FX,NFX
24-May-2012,USDEUR,0.7946,0.7989,0.7932,0.7977,0,0,0,1,FX,NFX
25-May-2012,USDEUR,0.798,0.7995,0.7939,0.7991,0,0,0,1,FX,NFX
28-May-2012,USDEUR,0.7933,0.7982,0.7926,0.7974,0,0,0,1,FX,NFX
29-May-2012,USDEUR,0.7973,0.8023,0.7954,0.7999,0,0,0,1,FX,NFX
30-May-2012,USDEUR,0.7997,0.8088,0.7997,0.8087,0,0,0,1,FX,NFX
31-May-2012,USDEUR,0.8085,0.8102,0.8046,0.8089,0,0,0,1,FX,NFX
01-Jun-2012,USDEUR,0.8088,0.8128,0.8037,0.8048,0,0,0,1,FX,NFX
04-Jun-2012,USDEUR,0.8051,0.8073,0.7997,0.8002,0,0,0,1,FX,NFX
05-Jun-2012,USDEUR,0.8001,0.8056,0.7975,0.8032,0,0,0,1,FX,NFX
06-Jun-2012,USDEUR,0.803,0.8037,0.7947,0.7947,0,0,0,1,FX,NFX
07-Jun-2012,USDEUR,0.7948,0.7973,0.7924,0.7961,0,0,0,1,FX,NFX
08-Jun-2012,USDEUR,0.7961,0.8035,0.7953,0.799,0,0,0,1,FX,NFX
11-Jun-2012,USDEUR,0.7913,0.8013,0.7894,0.8012,0,0,0,1,FX,NFX
12-Jun-2012,USDEUR,0.8017,0.8034,0.7983,0.7995,0,0,0,1,FX,NFX
13-Jun-2012,USDEUR,0.7992,0.8014,0.7933,0.7965,0,0,0,1,FX,NFX
14-Jun-2012,USDEUR,0.7962,0.7972,0.7913,0.7915,0,0,0,1,FX,NFX
15-Jun-2012,USDEUR,0.7915,0.7941,0.7895,0.7902,0,0,0,1,FX,NFX
18-Jun-2012,USDEUR,0.7873,0.7961,0.7845,0.7952,0,0,0,1,FX,NFX
19-Jun-2012,USDEUR,0.7951,0.7954,0.7859,0.7883,0,0,0,1,FX,NFX
20-Jun-2012,USDEUR,0.7883,0.7908,0.7861,0.7872,0,0,0,1,FX,NFX
21-Jun-2012,USDEUR,0.7869,0.7975,0.7869,0.7973,0,0,0,1,FX,NFX
22-Jun-2012,USDEUR,0.797,0.7984,0.7949,0.7954,0,0,0,1,FX,NFX
25-Jun-2012,USDEUR,0.7968,0.8015,0.7964,0.7997,0,0,0,1,FX,NFX
26-Jun-2012,USDEUR,0.7999,0.8029,0.7983,0.8003,0,0,0,1,FX,NFX
27-Jun-2012,USDEUR,0.8005,0.8034,0.7995,0.8022,0,0,0,1,FX,NFX
28-Jun-2012,USDEUR,0.8021,0.8054,0.7986,0.8037,0,0,0,1,FX,NFX
29-Jun-2012,USDEUR,0.8039,0.8043,0.788,0.7903,0,0,0,1,FX,NFX
02-Jul-2012,USDEUR,0.7892,0.7955,0.789,0.7951,0,0,0,1,FX,NFX
03-Jul-2012,USDEUR,0.7951,0.7962,0.7921,0.7932,0,0,0,1,FX,NFX
04-Jul-2012,USDEUR,0.7932,0.7993,0.7932,0.7984,0,0,0,1,FX,NFX
05-Jul-2012,USDEUR,0.7984,0.8087,0.7977,0.8071,0,0,0,1,FX,NFX
06-Jul-2012,USDEUR,0.8068,0.8155,0.8065,0.8137,0,0,0,1,FX,NFX
09-Jul-2012,USDEUR,0.8152,0.8157,0.8115,0.8118,0,0,0,1,FX,NFX
10-Jul-2012,USDEUR,0.812,0.8171,0.811,0.8164,0,0,0,1,FX,NFX
11-Jul-2012,USDEUR,0.8161,0.8185,0.8133,0.8171,0,0,0,1,FX,NFX
12-Jul-2012,USDEUR,0.8173,0.8216,0.8164,0.8194,0,0,0,1,FX,NFX
13-Jul-2012,USDEUR,0.8196,0.8219,0.8162,0.8166,0,0,0,1,FX,NFX
16-Jul-2012,USDEUR,0.8153,0.8213,0.8138,0.8149,0,0,0,1,FX,NFX
17-Jul-2012,USDEUR,0.8148,0.8203,0.8121,0.8134,0,0,0,1,FX,NFX
18-Jul-2012,USDEUR,0.8136,0.8186,0.8128,0.8143,0,0,0,1,FX,NFX
19-Jul-2012,USDEUR,0.8144,0.8175,0.8116,0.8142,0,0,0,1,FX,NFX
20-Jul-2012,USDEUR,0.8142,0.8231,0.8142,0.8222,0,0,0,1,FX,NFX
23-Jul-2012,USDEUR,0.8246,0.8284,0.8236,0.8249,0,0,0,1,FX,NFX
24-Jul-2012,USDEUR,0.825,0.8303,0.8241,0.8291,0,0,0,1,FX,NFX
25-Jul-2012,USDEUR,0.8289,0.8296,0.8222,0.8231,0,0,0,1,FX,NFX
26-Jul-2012,USDEUR,0.8228,0.8252,0.8115,0.8142,0,0,0,1,FX,NFX
27-Jul-2012,USDEUR,0.8142,0.8167,0.8075,0.812,0,0,0,1,FX,NFX
30-Jul-2012,USDEUR,0.8132,0.8177,0.8124,0.8155,0,0,0,1,FX,NFX
31-Jul-2012,USDEUR,0.8155,0.8163,0.8113,0.8128,0,0,0,1,FX,NFX
01-Aug-2012,USDEUR,0.8124,0.8182,0.8109,0.8177,0,0,0,1,FX,NFX
02-Aug-2012,USDEUR,0.8178,0.8238,0.8074,0.8212,0,0,0,1,FX,NFX
03-Aug-2012,USDEUR,0.821,0.8218,0.8071,0.8074,0,0,0,1,FX,NFX
06-Aug-2012,USDEUR,0.8068,0.8101,0.804,0.8066,0,0,0,1,FX,NFX
07-Aug-2012,USDEUR,0.8064,0.808,0.8037,0.8065,0,0,0,1,FX,NFX
08-Aug-2012,USDEUR,0.8068,0.8111,0.8064,0.8088,0,0,0,1,FX,NFX
09-Aug-2012,USDEUR,0.8089,0.8151,0.8073,0.8126,0,0,0,1,FX,NFX
10-Aug-2012,USDEUR,0.8128,0.8167,0.8121,0.8136,0,0,0,1,FX,NFX
13-Aug-2012,USDEUR,0.8135,0.8155,0.8083,0.8107,0,0,0,1,FX,NFX
14-Aug-2012,USDEUR,0.8109,0.8117,0.8075,0.8115,0,0,0,1,FX,NFX
15-Aug-2012,USDEUR,0.8114,0.8153,0.8102,0.8138,0,0,0,1,FX,NFX
16-Aug-2012,USDEUR,0.8135,0.8157,0.8084,0.8094,0,0,0,1,FX,NFX
17-Aug-2012,USDEUR,0.8095,0.8135,0.8078,0.8109,0,0,0,1,FX,NFX
20-Aug-2012,USDEUR,0.8105,0.8133,0.8087,0.8101,0,0,0,1,FX,NFX
21-Aug-2012,USDEUR,0.8098,0.8102,0.801,0.8016,0,0,0,1,FX,NFX
22-Aug-2012,USDEUR,0.8016,0.8042,0.7977,0.7985,0,0,0,1,FX,NFX
23-Aug-2012,USDEUR,0.7982,0.7985,0.7945,0.7961,0,0,0,1,FX,NFX
24-Aug-2012,USDEUR,0.796,0.8007,0.7957,0.7991,0,0,0,1,FX,NFX
27-Aug-2012,USDEUR,0.7994,0.8007,0.7977,0.8002,0,0,0,1,FX,NFX
28-Aug-2012,USDEUR,0.8002,0.8021,0.7954,0.7959,0,0,0,1,FX,NFX
29-Aug-2012,USDEUR,0.7956,0.7986,0.7955,0.7982,0,0,0,1,FX,NFX
30-Aug-2012,USDEUR,0.798,0.8005,0.7961,0.7996,0,0,0,1,FX,NFX
31-Aug-2012,USDEUR,0.7995,0.8004,0.792,0.7953,0,0,0,1,FX,NFX
03-Sep-2012,USDEUR,0.7952,0.7962,0.7933,0.7941,0,0,0,1,FX,NFX
04-Sep-2012,USDEUR,0.7936,0.7962,0.792,0.7959,0,0,0,1,FX,NFX
05-Sep-2012,USDEUR,0.7961,0.7996,0.7923,0.7937,0,0,0,1,FX,NFX
06-Sep-2012,USDEUR,0.7935,0.7957,0.7908,0.7918,0,0,0,1,FX,NFX
07-Sep-2012,USDEUR,0.7915,0.792,0.7803,0.7803,0,0,0,1,FX,NFX
10-Sep-2012,USDEUR,0.7808,0.784,0.7807,0.7839,0,0,0,1,FX,NFX
11-Sep-2012,USDEUR,0.7839,0.784,0.777,0.778,0,0,0,1,FX,NFX
12-Sep-2012,USDEUR,0.7783,0.7801,0.7732,0.7752,0,0,0,1,FX,NFX
13-Sep-2012,USDEUR,0.7751,0.7761,0.7693,0.7699,0,0,0,1,FX,NFX
14-Sep-2012,USDEUR,0.7699,0.7704,0.7597,0.7617,0,0,0,1,FX,NFX
17-Sep-2012,USDEUR,0.7618,0.7643,0.7594,0.7624,0,0,0,1,FX,NFX
18-Sep-2012,USDEUR,0.7624,0.7674,0.7623,0.7666,0,0,0,1,FX,NFX
19-Sep-2012,USDEUR,0.7666,0.7695,0.7643,0.7664,0,0,0,1,FX,NFX
20-Sep-2012,USDEUR,0.7665,0.7739,0.7658,0.7712,0,0,0,1,FX,NFX
21-Sep-2012,USDEUR,0.7711,0.7717,0.7668,0.7702,0,0,0,1,FX,NFX
24-Sep-2012,USDEUR,0.7702,0.7755,0.77,0.7734,0,0,0,1,FX,NFX
25-Sep-2012,USDEUR,0.7732,0.7759,0.771,0.7751,0,0,0,1,FX,NFX
26-Sep-2012,USDEUR,0.7749,0.7789,0.7745,0.777,0,0,0,1,FX,NFX
27-Sep-2012,USDEUR,0.777,0.7791,0.7737,0.7746,0,0,0,1,FX,NFX
28-Sep-2012,USDEUR,0.7745,0.7788,0.7718,0.7779,0,0,0,1,FX,NFX
01-Oct-2012,USDEUR,0.7786,0.7809,0.7731,0.776,0,0,0,1,FX,NFX
02-Oct-2012,USDEUR,0.776,0.7762,0.7714,0.774,0,0,0,1,FX,NFX
03-Oct-2012,USDEUR,0.774,0.7764,0.7732,0.7749,0,0,0,1,FX,NFX
04-Oct-2012,USDEUR,0.775,0.775,0.7674,0.7682,0,0,0,1,FX,NFX
05-Oct-2012,USDEUR,0.768,0.7693,0.7651,0.7673,0,0,0,1,FX,NFX
08-Oct-2012,USDEUR,0.7681,0.7728,0.7677,0.7712,0,0,359,1,FX,NFX
09-Oct-2012,USDEUR,0.771,0.7775,0.7699,0.7763,0,0,0,1,FX,NFX
10-Oct-2012,USDEUR,0.7764,0.7789,0.7746,0.7767,0,0,0,1,FX,NFX
11-Oct-2012,USDEUR,0.7769,0.7794,0.7724,0.7737,0,0,0,1,FX,NFX
12-Oct-2012,USDEUR,0.7733,0.7738,0.7698,0.772,0,0,0,1,FX,NFX
15-Oct-2012,USDEUR,0.7721,0.7754,0.7704,0.7723,0,0,0,1,FX,NFX
16-Oct-2012,USDEUR,0.7722,0.7727,0.7658,0.7658,0,0,0,1,FX,NFX
17-Oct-2012,USDEUR,0.7653,0.7654,0.7611,0.7621,0,0,0,1,FX,NFX
18-Oct-2012,USDEUR,0.7621,0.7658,0.7618,0.7652,0,0,0,1,FX,NFX
19-Oct-2012,USDEUR,0.7651,0.7684,0.7645,0.7679,0,0,0,1,FX,NFX
22-Oct-2012,USDEUR,0.768,0.7683,0.7644,0.7658,0,0,0,1,FX,NFX
23-Oct-2012,USDEUR,0.7653,0.7719,0.7649,0.7701,0,0,0,1,FX,NFX
24-Oct-2012,USDEUR,0.7702,0.7739,0.7694,0.7707,0,0,0,1,FX,NFX
25-Oct-2012,USDEUR,0.771,0.7734,0.7681,0.7733,0,0,0,1,FX,NFX
26-Oct-2012,USDEUR,0.7732,0.7762,0.7719,0.7726,0,0,0,1,FX,NFX
29-Oct-2012,USDEUR,0.7727,0.7759,0.7724,0.775,0,0,0,1,FX,NFX
30-Oct-2012,USDEUR,0.775,0.7759,0.7703,0.7718,0,0,0,1,FX,NFX
31-Oct-2012,USDEUR,0.7717,0.7723,0.7682,0.7717,0,0,0,1,FX,NFX
01-Nov-2012,USDEUR,0.7718,0.7735,0.7704,0.7727,0,0,0,1,FX,NFX
02-Nov-2012,USDEUR,0.7727,0.7799,0.7722,0.779,0,0,0,1,FX,NFX
05-Nov-2012,USDEUR,0.7818,0.7819,0.7815,0.7815,0,0,0,1,FX,NFX
06-Nov-2012,USDEUR,0.7818,0.7832,0.7797,0.7804,0,0,0,1,FX,NFX
07-Nov-2012,USDEUR,0.7804,0.7851,0.7768,0.7832,0,0,0,1,FX,NFX
08-Nov-2012,USDEUR,0.7831,0.786,0.7826,0.7844,0,0,0,1,FX,NFX
09-Nov-2012,USDEUR,0.7845,0.7879,0.782,0.7866,0,0,0,1,FX,NFX
12-Nov-2012,USDEUR,0.7866,0.7874,0.7851,0.7868,0,0,0,1,FX,NFX
13-Nov-2012,USDEUR,0.7868,0.7895,0.7858,0.7871,0,0,0,1,FX,NFX
14-Nov-2012,USDEUR,0.7873,0.7873,0.7832,0.7852,0,0,0,1,FX,NFX
15-Nov-2012,USDEUR,0.7851,0.7862,0.7813,0.7824,0,0,0,1,FX,NFX
16-Nov-2012,USDEUR,0.7826,0.7876,0.7822,0.7848,0,0,0,1,FX,NFX
19-Nov-2012,USDEUR,0.7846,0.785,0.78,0.7805,0,0,0,1,FX,NFX
20-Nov-2012,USDEUR,0.7807,0.7833,0.7799,0.7802,0,0,0,1,FX,NFX
21-Nov-2012,USDEUR,0.7802,0.7848,0.7792,0.7794,0,0,0,1,FX,NFX
22-Nov-2012,USDEUR,0.7792,0.7795,0.7753,0.7761,0,0,0,1,FX,NFX
23-Nov-2012,USDEUR,0.7764,0.7771,0.7701,0.7706,0,0,0,1,FX,NFX
26-Nov-2012,USDEUR,0.7709,0.7725,0.7702,0.7709,0,0,0,1,FX,NFX
27-Nov-2012,USDEUR,0.7703,0.7741,0.7689,0.7727,0,0,0,1,FX,NFX
28-Nov-2012,USDEUR,0.7725,0.7762,0.7725,0.7726,0,0,0,1,FX,NFX
29-Nov-2012,USDEUR,0.7717,0.7728,0.7688,0.7706,0,0,0,1,FX,NFX
30-Nov-2012,USDEUR,0.7705,0.7711,0.7679,0.7703,0,0,0,1,FX,NFX
03-Dec-2012,USDEUR,0.7699,0.7699,0.765,0.766,0,0,0,1,FX,NFX
04-Dec-2012,USDEUR,0.7658,0.7666,0.763,0.7636,0,0,0,1,FX,NFX
05-Dec-2012,USDEUR,0.7638,0.7656,0.762,0.7653,0,0,0,1,FX,NFX
06-Dec-2012,USDEUR,0.7651,0.772,0.7644,0.7712,0,0,0,1,FX,NFX
07-Dec-2012,USDEUR,0.7712,0.7763,0.7708,0.7735,0,0,0,1,FX,NFX
10-Dec-2012,USDEUR,0.7758,0.776,0.7724,0.7728,0,0,0,1,FX,NFX
11-Dec-2012,USDEUR,0.7728,0.7734,0.7684,0.769,0,0,0,1,FX,NFX
12-Dec-2012,USDEUR,0.7691,0.7694,0.7637,0.7649,0,0,0,1,FX,NFX
13-Dec-2012,USDEUR,0.7649,0.7665,0.7634,0.7645,0,0,0,1,FX,NFX
14-Dec-2012,USDEUR,0.7644,0.7652,0.7591,0.7598,0,0,0,1,FX,NFX
17-Dec-2012,USDEUR,0.7585,0.7607,0.7584,0.7598,0,0,0,1,FX,NFX
18-Dec-2012,USDEUR,0.7594,0.7601,0.7554,0.756,0,0,0,1,FX,NFX
19-Dec-2012,USDEUR,0.756,0.7563,0.7515,0.756,0,0,0,1,FX,NFX
20-Dec-2012,USDEUR,0.7558,0.7581,0.7524,0.7551,0,0,0,1,FX,NFX
21-Dec-2012,USDEUR,0.7548,0.7599,0.7547,0.7586,0,0,0,1,FX,NFX
24-Dec-2012,USDEUR,0.759,0.7592,0.7558,0.7583,0,0,0,1,FX,NFX
25-Dec-2012,USDEUR,0.7583,0.761,0.7569,0.7584,0,0,0,1,FX,NFX
26-Dec-2012,USDEUR,0.7585,0.7591,0.7548,0.7563,0,0,0,1,FX,NFX
27-Dec-2012,USDEUR,0.7564,0.7574,0.7528,0.7553,0,0,0,1,FX,NFX
28-Dec-2012,USDEUR,0.7553,0.7593,0.7544,0.7566,0,0,0,1,FX,NFX
31-Dec-2012,USDEUR,0.7567,0.759,0.7556,0.758,0,0,0,1,FX,NFX
01-Jan-2013,USDEUR,0.7577,0.7588,0.7571,0.7578,0,0,0,1,FX,NFX
02-Jan-2013,USDEUR,0.7573,0.76,0.7518,0.7585,0,0,0,1,FX,NFX
03-Jan-2013,USDEUR,0.7586,0.7665,0.758,0.7662,0,0,0,1,FX,NFX
04-Jan-2013,USDEUR,0.7664,0.7692,0.7641,0.7651,0,0,0,1,FX,NFX
07-Jan-2013,USDEUR,0.7647,0.7682,0.7624,0.7625,0,0,0,1,FX,NFX
08-Jan-2013,USDEUR,0.7619,0.7657,0.7613,0.7645,0,0,0,1,FX,NFX
09-Jan-2013,USDEUR,0.7644,0.767,0.7638,0.7656,0,0,0,1,FX,NFX
10-Jan-2013,USDEUR,0.7656,0.7669,0.7538,0.7538,0,0,0,1,FX,NFX
11-Jan-2013,USDEUR,0.7538,0.7547,0.7484,0.7495,0,0,0,1,FX,NFX
14-Jan-2013,USDEUR,0.7487,0.7498,0.7462,0.7473,0,0,0,1,FX,NFX
15-Jan-2013,USDEUR,0.7472,0.753,0.7467,0.7516,0,0,0,1,FX,NFX
16-Jan-2013,USDEUR,0.7517,0.7542,0.7505,0.7526,0,0,0,1,FX,NFX
17-Jan-2013,USDEUR,0.7523,0.7533,0.747,0.7476,0,0,0,1,FX,NFX
18-Jan-2013,USDEUR,0.7478,0.753,0.7464,0.7509,0,0,0,1,FX,NFX
21-Jan-2013,USDEUR,0.751,0.7518,0.7502,0.751,0,0,0,1,FX,NFX
22-Jan-2013,USDEUR,0.751,0.753,0.7481,0.7507,0,0,0,1,FX,NFX
23-Jan-2013,USDEUR,0.7507,0.7533,0.7489,0.7509,0,0,0,1,FX,NFX
24-Jan-2013,USDEUR,0.7508,0.7527,0.7467,0.7477,0,0,0,1,FX,NFX
25-Jan-2013,USDEUR,0.748,0.7489,0.7421,0.7431,0,0,0,1,FX,NFX
28-Jan-2013,USDEUR,0.7429,0.7448,0.7423,0.7431,0,0,0,1,FX,NFX
29-Jan-2013,USDEUR,0.7429,0.7452,0.7409,0.7411,0,0,0,1,FX,NFX
30-Jan-2013,USDEUR,0.741,0.7417,0.7364,0.7369,0,0,0,1,FX,NFX
31-Jan-2013,USDEUR,0.7371,0.7384,0.7358,0.7364,0,0,0,1,FX,NFX
01-Feb-2013,USDEUR,0.7367,0.7367,0.7296,0.733,0,0,0,1,FX,NFX
04-Feb-2013,USDEUR,0.7325,0.7405,0.7321,0.74,0,0,0,1,FX,NFX
05-Feb-2013,USDEUR,0.74,0.7428,0.7358,0.7363,0,0,0,1,FX,NFX
06-Feb-2013,USDEUR,0.7365,0.7409,0.7356,0.7398,0,0,0,1,FX,NFX
07-Feb-2013,USDEUR,0.7394,0.7477,0.7367,0.7462,0,0,0,1,FX,NFX
08-Feb-2013,USDEUR,0.7464,0.7488,0.7447,0.7484,0,0,0,1,FX,NFX
11-Feb-2013,USDEUR,0.7481,0.7486,0.745,0.746,0,0,0,1,FX,NFX
12-Feb-2013,USDEUR,0.7462,0.7481,0.7423,0.7433,0,0,0,1,FX,NFX
13-Feb-2013,USDEUR,0.7433,0.7446,0.7397,0.7435,0,0,0,1,FX,NFX
14-Feb-2013,USDEUR,0.7436,0.7509,0.7431,0.7485,0,0,0,1,FX,NFX
15-Feb-2013,USDEUR,0.7481,0.7516,0.7469,0.7483,0,0,0,1,FX,NFX
18-Feb-2013,USDEUR,0.7489,0.7505,0.748,0.749,0,0,0,1,FX,NFX
19-Feb-2013,USDEUR,0.7488,0.7501,0.7464,0.7468,0,0,0,1,FX,NFX
20-Feb-2013,USDEUR,0.747,0.7534,0.7446,0.7528,0,0,0,1,FX,NFX
21-Feb-2013,USDEUR,0.7526,0.7597,0.7523,0.7579,0,0,0,1,FX,NFX
22-Feb-2013,USDEUR,0.7582,0.7606,0.7554,0.7584,0,0,0,1,FX,NFX
25-Feb-2013,USDEUR,0.7569,0.7663,0.751,0.7656,0,0,0,1,FX,NFX
26-Feb-2013,USDEUR,0.7657,0.768,0.7625,0.7654,0,0,0,1,FX,NFX
27-Feb-2013,USDEUR,0.7656,0.7666,0.7608,0.7613,0,0,0,1,FX,NFX
28-Feb-2013,USDEUR,0.7616,0.766,0.7602,0.7657,0,0,0,1,FX,NFX
01-Mar-2013,USDEUR,0.7659,0.7711,0.7634,0.7682,0,0,0,1,FX,NFX
04-Mar-2013,USDEUR,0.7689,0.7702,0.7675,0.7678,0,0,0,1,FX,NFX
05-Mar-2013,USDEUR,0.7675,0.7685,0.765,0.7663,0,0,0,1,FX,NFX
06-Mar-2013,USDEUR,0.7662,0.7709,0.7651,0.7709,0,0,0,1,FX,NFX
07-Mar-2013,USDEUR,0.771,0.771,0.7624,0.763,0,0,0,1,FX,NFX
08-Mar-2013,USDEUR,0.7629,0.7714,0.7616,0.7692,0,0,0,1,FX,NFX
11-Mar-2013,USDEUR,0.7692,0.7704,0.7659,0.7665,0,0,0,1,FX,NFX
12-Mar-2013,USDEUR,0.7666,0.7694,0.7651,0.7672,0,0,0,1,FX,NFX
13-Mar-2013,USDEUR,0.7675,0.7737,0.7656,0.7714,0,0,0,1,FX,NFX
14-Mar-2013,USDEUR,0.7715,0.7745,0.7677,0.769,0,0,0,1,FX,NFX
15-Mar-2013,USDEUR,0.7692,0.7692,0.7632,0.7649,0,0,0,1,FX,NFX
18-Mar-2013,USDEUR,0.7742,0.7762,0.7698,0.7719,0,0,0,1,FX,NFX
19-Mar-2013,USDEUR,0.7719,0.7781,0.7712,0.7762,0,0,0,1,FX,NFX
20-Mar-2013,USDEUR,0.7772,0.7778,0.771,0.7731,0,0,0,1,FX,NFX
21-Mar-2013,USDEUR,0.7728,0.7761,0.772,0.7752,0,0,0,1,FX,NFX
22-Mar-2013,USDEUR,0.7754,0.7758,0.7691,0.7698,0,0,0,1,FX,NFX
25-Mar-2013,USDEUR,0.7712,0.7792,0.7665,0.7781,0,0,0,1,FX,NFX
26-Mar-2013,USDEUR,0.7779,0.7791,0.7762,0.7772,0,0,0,1,FX,NFX
27-Mar-2013,USDEUR,0.7777,0.7838,0.7771,0.7823,0,0,0,1,FX,NFX
28-Mar-2013,USDEUR,0.7825,0.7839,0.7786,0.7802,0,0,0,1,FX,NFX
29-Mar-2013,USDEUR,0.7801,0.7813,0.7792,0.7798,0,0,0,1,FX,NFX
01-Apr-2013,USDEUR,,,,0.78,0,0,0,1,FX,NFX
02-Apr-2013,USDEUR,0.7783,0.7806,0.7781,0.7801,0,0,0,1,FX,NFX
03-Apr-2013,USDEUR,0.7801,0.7818,0.7774,0.7784,0,0,0,1,FX,NFX
04-Apr-2013,USDEUR,0.7783,0.7839,0.7723,0.7732,0,0,0,1,FX,NFX
05-Apr-2013,USDEUR,0.7731,0.7751,0.7671,0.7692,0,0,0,1,FX,NFX
08-Apr-2013,USDEUR,0.7695,0.771,0.7672,0.7688,0,0,0,1,FX,NFX
09-Apr-2013,USDEUR,0.7684,0.7688,0.7633,0.7645,0,0,0,1,FX,NFX
10-Apr-2013,USDEUR,0.7647,0.7661,0.7623,0.7651,0,0,0,1,FX,NFX
11-Apr-2013,USDEUR,0.7651,0.7666,0.7612,0.7631,0,0,0,1,FX,NFX
12-Apr-2013,USDEUR,0.7631,0.7667,0.7618,0.7629,0,0,0,1,FX,NFX
15-Apr-2013,USDEUR,0.763,0.768,0.7629,0.767,0,0,0,1,FX,NFX
16-Apr-2013,USDEUR,0.7663,0.7673,0.7577,0.759,0,0,0,1,FX,NFX
17-Apr-2013,USDEUR,0.7584,0.7691,0.7579,0.7672,0,0,0,1,FX,NFX
18-Apr-2013,USDEUR,0.7673,0.7679,0.7637,0.7664,0,0,0,1,FX,NFX
19-Apr-2013,USDEUR,0.7659,0.7664,0.7621,0.7663,0,0,0,1,FX,NFX
22-Apr-2013,USDEUR,0.7654,0.7682,0.7643,0.7654,0,0,0,1,FX,NFX
23-Apr-2013,USDEUR,0.7653,0.7708,0.7646,0.769,0,0,0,1,FX,NFX
24-Apr-2013,USDEUR,0.7697,0.7713,0.7675,0.7681,0,0,0,1,FX,NFX
25-Apr-2013,USDEUR,0.7683,0.7697,0.7638,0.7687,0,0,0,1,FX,NFX
26-Apr-2013,USDEUR,0.7687,0.7693,0.7666,0.7677,0,0,0,1,FX,NFX
29-Apr-2013,USDEUR,0.7661,0.7671,0.7625,0.7634,0,0,0,1,FX,NFX
30-Apr-2013,USDEUR,0.7632,0.7658,0.7584,0.7594,0,0,0,1,FX,NFX
01-May-2013,USDEUR,0.7599,0.7599,0.7551,0.7585,0,0,0,1,FX,NFX
02-May-2013,USDEUR,0.7584,0.7669,0.7573,0.7653,0,0,0,1,FX,NFX
03-May-2013,USDEUR,0.7654,0.767,0.7606,0.7624,0,0,0,1,FX,NFX
06-May-2013,USDEUR,0.7621,0.7659,0.7611,0.7647,0,0,0,1,FX,NFX
07-May-2013,USDEUR,0.7646,0.7651,0.7617,0.7647,0,0,0,1,FX,NFX
08-May-2013,USDEUR,0.7647,0.7649,0.7582,0.7603,0,0,0,1,FX,NFX
09-May-2013,USDEUR,0.76,0.7684,0.759,0.7667,0,0,0,1,FX,NFX
10-May-2013,USDEUR,0.7671,0.7729,0.7664,0.7697,0,0,0,1,FX,NFX
13-May-2013,USDEUR,0.7709,0.7726,0.7697,0.7708,0,0,0,1,FX,NFX
14-May-2013,USDEUR,0.7708,0.7739,0.7677,0.7738,0,0,0,1,FX,NFX
15-May-2013,USDEUR,0.7735,0.7784,0.7728,0.776,0,0,0,1,FX,NFX
16-May-2013,USDEUR,0.7762,0.7783,0.7737,0.7763,0,0,0,1,FX,NFX
17-May-2013,USDEUR,0.7764,0.781,0.7759,0.7791,0,0,0,1,FX,NFX
20-May-2013,USDEUR,0.7788,0.7801,0.7752,0.7762,0,0,0,1,FX,NFX
21-May-2013,USDEUR,0.7763,0.7785,0.7731,0.775,0,0,0,1,FX,NFX
22-May-2013,USDEUR,0.7749,0.779,0.7697,0.7778,0,0,0,1,FX,NFX
23-May-2013,USDEUR,0.7779,0.7798,0.7721,0.7732,0,0,0,1,FX,NFX
24-May-2013,USDEUR,0.7731,0.7749,0.77,0.7732,0,0,0,1,FX,NFX
27-May-2013,USDEUR,0.7731,0.7741,0.7723,0.7732,0,0,0,1,FX,NFX
28-May-2013,USDEUR,0.7732,0.7782,0.7725,0.7779,0,0,0,1,FX,NFX
29-May-2013,USDEUR,0.7775,0.7788,0.7706,0.7727,0,0,0,1,FX,NFX
30-May-2013,USDEUR,0.7728,0.7731,0.7658,0.7665,0,0,0,1,FX,NFX
31-May-2013,USDEUR,0.7666,0.7723,0.7658,0.7694,0,0,0,1,FX,NFX
03-Jun-2013,USDEUR,0.7693,0.7718,0.7631,0.7648,0,0,0,1,FX,NFX
04-Jun-2013,USDEUR,0.7648,0.7666,0.7636,0.7645,0,0,0,1,FX,NFX
05-Jun-2013,USDEUR,0.7644,0.766,0.7631,0.7638,0,0,0,1,FX,NFX
06-Jun-2013,USDEUR,0.7634,0.7648,0.7525,0.755,0,0,0,1,FX,NFX
07-Jun-2013,USDEUR,0.755,0.7581,0.7534,0.7567,0,0,0,1,FX,NFX
10-Jun-2013,USDEUR,0.7574,0.7588,0.7537,0.7545,0,0,0,1,FX,NFX
11-Jun-2013,USDEUR,0.7545,0.7557,0.7507,0.751,0,0,0,1,FX,NFX
12-Jun-2013,USDEUR,0.7512,0.7538,0.7486,0.7498,0,0,0,1,FX,NFX
13-Jun-2013,USDEUR,0.7498,0.753,0.7469,0.7478,0,0,0,1,FX,NFX
14-Jun-2013,USDEUR,0.7477,0.752,0.7475,0.7493,0,0,0,1,FX,NFX
17-Jun-2013,USDEUR,0.7492,0.7509,0.7475,0.748,0,0,0,1,FX,NFX
18-Jun-2013,USDEUR,0.7482,0.7504,0.7455,0.7466,0,0,0,1,FX,NFX
19-Jun-2013,USDEUR,0.7465,0.754,0.7455,0.7522,0,0,0,1,FX,NFX
20-Jun-2013,USDEUR,0.7523,0.7597,0.7517,0.7565,0,0,0,1,FX,NFX
21-Jun-2013,USDEUR,0.7563,0.7634,0.7545,0.7621,0,0,0,1,FX,NFX
24-Jun-2013,USDEUR,0.7633,0.7656,0.7608,0.7621,0,0,0,1,FX,NFX
25-Jun-2013,USDEUR,0.7623,0.7653,0.7604,0.7642,0,0,0,1,FX,NFX
26-Jun-2013,USDEUR,0.7644,0.7701,0.7639,0.7686,0,0,0,1,FX,NFX
27-Jun-2013,USDEUR,0.7685,0.7692,0.766,0.7669,0,0,0,1,FX,NFX
28-Jun-2013,USDEUR,0.7672,0.7697,0.7633,0.7688,0,0,0,1,FX,NFX
01-Jul-2013,USDEUR,0.7683,0.7689,0.7651,0.7653,0,0,0,1,FX,NFX
02-Jul-2013,USDEUR,0.7652,0.7712,0.7647,0.7705,0,0,0,1,FX,NFX
03-Jul-2013,USDEUR,0.7704,0.7738,0.7679,0.7686,0,0,0,1,FX,NFX
04-Jul-2013,USDEUR,0.7686,0.776,0.7679,0.7743,0,0,0,1,FX,NFX
05-Jul-2013,USDEUR,0.7744,0.7808,0.774,0.7793,0,0,0,1,FX,NFX
08-Jul-2013,USDEUR,0.7804,0.7805,0.7762,0.7772,0,0,0,1,FX,NFX
09-Jul-2013,USDEUR,0.7769,0.7839,0.7753,0.7825,0,0,0,1,FX,NFX
10-Jul-2013,USDEUR,0.7823,0.7833,0.7706,0.771,0,0,0,1,FX,NFX
11-Jul-2013,USDEUR,0.7711,0.7711,0.7577,0.7637,0,0,0,1,FX,NFX
12-Jul-2013,USDEUR,0.7636,0.7692,0.7631,0.7654,0,0,0,1,FX,NFX
15-Jul-2013,USDEUR,0.7649,0.7695,0.7646,0.7653,0,0,0,1,FX,NFX
16-Jul-2013,USDEUR,0.7657,0.766,0.7591,0.7594,0,0,0,1,FX,NFX
17-Jul-2013,USDEUR,0.76,0.7643,0.7591,0.7617,0,0,0,1,FX,NFX
18-Jul-2013,USDEUR,0.7621,0.7652,0.7616,0.7629,0,0,0,1,FX,NFX
19-Jul-2013,USDEUR,0.7625,0.764,0.7604,0.7611,0,0,0,1,FX,NFX
22-Jul-2013,USDEUR,0.761,0.7614,0.7569,0.7582,0,0,0,1,FX,NFX
23-Jul-2013,USDEUR,0.7582,0.7596,0.7554,0.7562,0,0,0,1,FX,NFX
24-Jul-2013,USDEUR,0.7562,0.7589,0.7546,0.7574,0,0,0,1,FX,NFX
25-Jul-2013,USDEUR,0.7574,0.7593,0.7522,0.753,0,0,0,1,FX,NFX
26-Jul-2013,USDEUR,0.7532,0.7546,0.7521,0.753,0,0,0,1,FX,NFX
29-Jul-2013,USDEUR,0.753,0.7553,0.752,0.7538,0,0,0,1,FX,NFX
30-Jul-2013,USDEUR,0.7539,0.7554,0.7521,0.7538,0,0,0,1,FX,NFX
31-Jul-2013,USDEUR,0.754,0.7566,0.7496,0.7516,0,0,0,1,FX,NFX
01-Aug-2013,USDEUR,0.752,0.7576,0.7511,0.7571,0,0,0,1,FX,NFX
02-Aug-2013,USDEUR,0.7568,0.758,0.7523,0.753,0,0,0,1,FX,NFX
05-Aug-2013,USDEUR,0.753,0.7557,0.7517,0.7543,0,0,0,1,FX,NFX
06-Aug-2013,USDEUR,0.7542,0.755,0.7507,0.7516,0,0,0,1,FX,NFX
07-Aug-2013,USDEUR,0.7516,0.7538,0.7491,0.7499,0,0,0,1,FX,NFX
08-Aug-2013,USDEUR,0.7497,0.7503,0.7462,0.7473,0,0,0,1,FX,NFX
09-Aug-2013,USDEUR,0.747,0.75,0.7467,0.7497,0,0,0,1,FX,NFX
12-Aug-2013,USDEUR,0.7501,0.7531,0.7493,0.7519,0,0,0,1,FX,NFX
13-Aug-2013,USDEUR,0.7517,0.7558,0.751,0.754,0,0,0,1,FX,NFX
14-Aug-2013,USDEUR,0.7537,0.7552,0.7531,0.7545,0,0,0,1,FX,NFX
15-Aug-2013,USDEUR,0.7543,0.7571,0.7485,0.7493,0,0,0,1,FX,NFX
16-Aug-2013,USDEUR,0.7493,0.7511,0.7476,0.7504,0,0,0,1,FX,NFX
19-Aug-2013,USDEUR,0.75,0.751,0.7479,0.7499,0,0,0,1,FX,NFX
20-Aug-2013,USDEUR,0.7496,0.7506,0.7435,0.745,0,0,0,1,FX,NFX
21-Aug-2013,USDEUR,0.7452,0.7497,0.7447,0.7486,0,0,0,1,FX,NFX
22-Aug-2013,USDEUR,0.7488,0.752,0.7478,0.7485,0,0,0,1,FX,NFX
23-Aug-2013,USDEUR,0.7487,0.7499,0.7459,0.7475,0,0,0,1,FX,NFX
26-Aug-2013,USDEUR,0.7472,0.7487,0.7467,0.748,0,0,0,1,FX,NFX
27-Aug-2013,USDEUR,0.748,0.7503,0.7465,0.7468,0,0,0,1,FX,NFX
28-Aug-2013,USDEUR,0.7465,0.7516,0.7464,0.7497,0,0,0,1,FX,NFX
29-Aug-2013,USDEUR,0.7497,0.7565,0.7491,0.755,0,0,0,1,FX,NFX
30-Aug-2013,USDEUR,0.7553,0.7587,0.7543,0.7564,0,0,0,1,FX,NFX
02-Sep-2013,USDEUR,0.7569,0.7585,0.7559,0.7581,0,0,0,1,FX,NFX
03-Sep-2013,USDEUR,0.7577,0.7609,0.7574,0.759,0,0,0,1,FX,NFX
04-Sep-2013,USDEUR,0.7591,0.7599,0.7565,0.7571,0,0,0,1,FX,NFX
05-Sep-2013,USDEUR,0.757,0.7628,0.7564,0.762,0,0,0,1,FX,NFX
06-Sep-2013,USDEUR,0.7621,0.7631,0.7583,0.7589,0,0,0,1,FX,NFX
09-Sep-2013,USDEUR,0.7594,0.7594,0.753,0.7544,0,0,0,1,FX,NFX
10-Sep-2013,USDEUR,0.7544,0.7559,0.7531,0.7536,0,0,0,1,FX,NFX
11-Sep-2013,USDEUR,0.7534,0.755,0.7505,0.7512,0,0,0,1,FX,NFX
12-Sep-2013,USDEUR,0.7512,0.7538,0.7504,0.7517,0,0,0,1,FX,NFX
13-Sep-2013,USDEUR,0.7517,0.7543,0.7509,0.7519,0,0,0,1,FX,NFX
16-Sep-2013,USDEUR,0.7482,0.7502,0.747,0.7499,0,0,0,1,FX,NFX
17-Sep-2013,USDEUR,0.7496,0.7505,0.748,0.7484,0,0,0,1,FX,NFX
18-Sep-2013,USDEUR,0.7487,0.7498,0.7384,0.7394,0,0,0,1,FX,NFX
19-Sep-2013,USDEUR,0.7395,0.7407,0.7369,0.7389,0,0,0,1,FX,NFX
20-Sep-2013,USDEUR,0.7389,0.7409,0.7381,0.7395,0,0,0,1,FX,NFX
23-Sep-2013,USDEUR,0.7383,0.7419,0.7382,0.7409,0,0,0,1,FX,NFX
24-Sep-2013,USDEUR,0.7411,0.7427,0.7398,0.7422,0,0,0,1,FX,NFX
25-Sep-2013,USDEUR,0.742,0.7428,0.7388,0.7394,0,0,0,1,FX,NFX
26-Sep-2013,USDEUR,0.7395,0.7423,0.739,0.7411,0,0,0,1,FX,NFX
27-Sep-2013,USDEUR,0.7411,0.7422,0.7372,0.7398,0,0,0,1,FX,NFX
30-Sep-2013,USDEUR,0.7409,0.7419,0.7378,0.7395,0,0,0,1,FX,NFX
01-Oct-2013,USDEUR,0.7394,0.7398,0.736,0.7389,0,0,0,1,FX,NFX
02-Oct-2013,USDEUR,0.739,0.7404,0.7351,0.7361,0,0,0,1,FX,NFX
03-Oct-2013,USDEUR,0.7364,0.7366,0.7329,0.7341,0,0,0,1,FX,NFX
04-Oct-2013,USDEUR,0.7339,0.7385,0.7335,0.7378,0,0,0,1,FX,NFX
07-Oct-2013,USDEUR,0.7365,0.7367,0.7362,0.7363,0,0,0,1,FX,NFX
08-Oct-2013,USDEUR,0.7365,0.7376,0.7349,0.7368,0,0,0,1,FX,NFX
09-Oct-2013,USDEUR,0.7366,0.7413,0.7349,0.7392,0,0,0,1,FX,NFX
10-Oct-2013,USDEUR,0.7395,0.7412,0.7383,0.7397,0,0,0,1,FX,NFX
11-Oct-2013,USDEUR,0.7394,0.7397,0.7362,0.7384,0,0,0,1,FX,NFX
14-Oct-2013,USDEUR,0.7374,0.7383,0.7355,0.7375,0,0,0,1,FX,NFX
15-Oct-2013,USDEUR,0.7371,0.7418,0.7367,0.7391,0,0,0,1,FX,NFX
16-Oct-2013,USDEUR,0.7389,0.7421,0.737,0.7389,0,0,0,1,FX,NFX
17-Oct-2013,USDEUR,0.739,0.7398,0.7308,0.731,0,0,0,1,FX,NFX
18-Oct-2013,USDEUR,0.7312,0.7321,0.7298,0.7308,0,0,0,1,FX,NFX
21-Oct-2013,USDEUR,0.7308,0.7325,0.7304,0.731,0,0,0,1,FX,NFX
22-Oct-2013,USDEUR,0.7309,0.732,0.7248,0.7254,0,0,0,1,FX,NFX
23-Oct-2013,USDEUR,0.7255,0.7277,0.7248,0.726,0,0,0,1,FX,NFX
24-Oct-2013,USDEUR,0.7256,0.7264,0.7235,0.7247,0,0,0,1,FX,NFX
25-Oct-2013,USDEUR,0.7244,0.726,0.7229,0.7245,0,0,0,1,FX,NFX
28-Oct-2013,USDEUR,0.7243,0.726,0.7236,0.7253,0,0,0,1,FX,NFX
29-Oct-2013,USDEUR,0.7251,0.728,0.724,0.7272,0,0,0,1,FX,NFX
30-Oct-2013,USDEUR,0.7274,0.73,0.7257,0.7281,0,0,0,1,FX,NFX
31-Oct-2013,USDEUR,0.728,0.7366,0.7277,0.7362,0,0,0,1,FX,NFX
01-Nov-2013,USDEUR,0.736,0.7419,0.7357,0.7412,0,0,0,1,FX,NFX
04-Nov-2013,USDEUR,0.7415,0.7438,0.7392,0.74,0,0,0,1,FX,NFX
05-Nov-2013,USDEUR,0.7398,0.7435,0.7392,0.7422,0,0,0,1,FX,NFX
06-Nov-2013,USDEUR,0.7418,0.7425,0.7383,0.74,0,0,0,1,FX,NFX
07-Nov-2013,USDEUR,0.7398,0.7517,0.7389,0.7452,0,0,0,1,FX,NFX
08-Nov-2013,USDEUR,0.745,0.7508,0.7444,0.7483,0,0,0,1,FX,NFX
11-Nov-2013,USDEUR,0.7488,0.7492,0.7452,0.746,0,0,0,1,FX,NFX
12-Nov-2013,USDEUR,0.7456,0.7485,0.7431,0.7441,0,0,0,1,FX,NFX
13-Nov-2013,USDEUR,0.744,0.7468,0.741,0.7412,0,0,0,1,FX,NFX
14-Nov-2013,USDEUR,0.7416,0.7452,0.7409,0.743,0,0,0,1,FX,NFX
15-Nov-2013,USDEUR,0.743,0.7444,0.7406,0.7409,0,0,0,1,FX,NFX
18-Nov-2013,USDEUR,0.7408,0.7422,0.7385,0.7402,0,0,0,1,FX,NFX
19-Nov-2013,USDEUR,0.7404,0.7415,0.7383,0.7385,0,0,0,1,FX,NFX
20-Nov-2013,USDEUR,0.7386,0.7452,0.7367,0.7438,0,0,0,1,FX,NFX
21-Nov-2013,USDEUR,0.7442,0.7463,0.7415,0.7416,0,0,0,1,FX,NFX
22-Nov-2013,USDEUR,0.7416,0.7428,0.7377,0.7378,0,0,0,1,FX,NFX
25-Nov-2013,USDEUR,0.7379,0.7413,0.7372,0.7396,0,0,0,1,FX,NFX
26-Nov-2013,USDEUR,0.7397,0.7398,0.7365,0.7366,0,0,0,1,FX,NFX
27-Nov-2013,USDEUR,0.7368,0.7376,0.7347,0.7362,0,0,0,1,FX,NFX
28-Nov-2013,USDEUR,0.7364,0.7372,0.7346,0.7349,0,0,0,1,FX,NFX
29-Nov-2013,USDEUR,0.7349,0.7364,0.734,0.736,0,0,0,1,FX,NFX
02-Dec-2013,USDEUR,0.7358,0.7392,0.7345,0.7385,0,0,0,1,FX,NFX
03-Dec-2013,USDEUR,0.7386,0.7394,0.7345,0.7358,0,0,0,1,FX,NFX
04-Dec-2013,USDEUR,0.7359,0.739,0.7352,0.7354,0,0,0,1,FX,NFX
05-Dec-2013,USDEUR,0.7357,0.7382,0.731,0.7318,0,0,0,1,FX,NFX
06-Dec-2013,USDEUR,0.7316,0.7337,0.7295,0.7297,0,0,0,1,FX,NFX
09-Dec-2013,USDEUR,0.7292,0.7302,0.7275,0.7279,0,0,0,1,FX,NFX
10-Dec-2013,USDEUR,0.7278,0.7282,0.725,0.7267,0,0,0,1,FX,NFX
11-Dec-2013,USDEUR,0.7268,0.7277,0.7243,0.7256,0,0,0,1,FX,NFX
12-Dec-2013,USDEUR,0.7254,0.728,0.7246,0.7268,0,0,0,1,FX,NFX
13-Dec-2013,USDEUR,0.7272,0.7294,0.7263,0.7278,0,0,0,1,FX,NFX
16-Dec-2013,USDEUR,0.7284,0.7284,0.7248,0.7265,0,0,0,1,FX,NFX
17-Dec-2013,USDEUR,0.7266,0.7287,0.7256,0.7265,0,0,0,1,FX,NFX
18-Dec-2013,USDEUR,0.7264,0.7311,0.7243,0.7307,0,0,0,1,FX,NFX
19-Dec-2013,USDEUR,0.7308,0.7326,0.7303,0.732,0,0,0,1,FX,NFX
20-Dec-2013,USDEUR,0.7319,0.7339,0.7297,0.7314,0,0,0,1,FX,NFX
23-Dec-2013,USDEUR,0.7315,0.7317,0.7291,0.7302,0,0,0,1,FX,NFX
24-Dec-2013,USDEUR,0.7301,0.7323,0.7298,0.7314,0,0,0,1,FX,NFX
25-Dec-2013,USDEUR,0.7319,0.7324,0.7291,0.7318,0,0,0,1,FX,NFX
26-Dec-2013,USDEUR,0.7312,0.7318,0.7299,0.7305,0,0,0,1,FX,NFX
27-Dec-2013,USDEUR,0.7304,0.7307,0.7203,0.7277,0,0,0,1,FX,NFX
30-Dec-2013,USDEUR,0.7268,0.7284,0.7237,0.7246,0,0,0,1,FX,NFX
31-Dec-2013,USDEUR,0.7248,0.7276,0.7239,0.7275,0,0,0,1,FX,NFX
01-Jan-2014,USDEUR,0.7278,0.7281,0.7265,0.7267,0,0,0,1,FX,NFX
02-Jan-2014,USDEUR,0.727,0.7336,0.726,0.7316,0,0,0,1,FX,NFX
03-Jan-2014,USDEUR,0.7316,0.7363,0.7312,0.736,0,0,0,1,FX,NFX
06-Jan-2014,USDEUR,0.7358,0.7368,0.7325,0.7338,0,0,0,1,FX,NFX
07-Jan-2014,USDEUR,0.7338,0.7355,0.7324,0.7345,0,0,0,1,FX,NFX
08-Jan-2014,USDEUR,0.7342,0.7378,0.7332,0.7366,0,0,0,1,FX,NFX
09-Jan-2014,USDEUR,0.7365,0.7379,0.7336,0.7351,0,0,0,1,FX,NFX
10-Jan-2014,USDEUR,0.7349,0.7367,0.7307,0.7318,0,0,0,1,FX,NFX
13-Jan-2014,USDEUR,0.7314,0.7332,0.7306,0.7315,0,0,0,1,FX,NFX
14-Jan-2014,USDEUR,0.7315,0.7326,0.7301,0.7311,0,0,0,1,FX,NFX
15-Jan-2014,USDEUR,0.731,0.7363,0.7308,0.7351,0,0,0,1,FX,NFX
16-Jan-2014,USDEUR,0.7349,0.7361,0.7327,0.7342,0,0,0,1,FX,NFX
17-Jan-2014,USDEUR,0.7344,0.7397,0.7341,0.7386,0,0,0,1,FX,NFX
20-Jan-2014,USDEUR,0.7388,0.7403,0.7369,0.7378,0,0,0,1,FX,NFX
21-Jan-2014,USDEUR,0.7374,0.7398,0.737,0.7374,0,0,0,1,FX,NFX
22-Jan-2014,USDEUR,0.7376,0.7388,0.7364,0.7382,0,0,0,1,FX,NFX
23-Jan-2014,USDEUR,0.7383,0.7389,0.73,0.73,0,0,0,1,FX,NFX
24-Jan-2014,USDEUR,0.7303,0.7319,0.7282,0.7312,0,0,0,1,FX,NFX
27-Jan-2014,USDEUR,0.7308,0.7324,0.7292,0.7314,0,0,0,1,FX,NFX
28-Jan-2014,USDEUR,0.7314,0.7336,0.7306,0.7316,0,0,0,1,FX,NFX
29-Jan-2014,USDEUR,0.7318,0.735,0.7308,0.7319,0,0,0,1,FX,NFX
30-Jan-2014,USDEUR,0.7318,0.7384,0.7317,0.7377,0,0,0,1,FX,NFX
31-Jan-2014,USDEUR,0.7379,0.742,0.737,0.7413,0,0,0,1,FX,NFX
03-Feb-2014,USDEUR,0.7409,0.742,0.7388,0.739,0,0,0,1,FX,NFX
04-Feb-2014,USDEUR,0.7392,0.7409,0.7387,0.7398,0,0,0,1,FX,NFX
05-Feb-2014,USDEUR,0.7399,0.7408,0.7378,0.7389,0,0,0,1,FX,NFX
06-Feb-2014,USDEUR,0.7389,0.7413,0.7344,0.7359,0,0,0,1,FX,NFX
07-Feb-2014,USDEUR,0.7359,0.7378,0.7331,0.7334,0,0,0,1,FX,NFX
10-Feb-2014,USDEUR,0.7338,0.7347,0.7325,0.7329,0,0,0,1,FX,NFX
11-Feb-2014,USDEUR,0.7328,0.7337,0.7308,0.7332,0,0,0,1,FX,NFX
12-Feb-2014,USDEUR,0.7334,0.7374,0.7326,0.7357,0,0,0,1,FX,NFX
13-Feb-2014,USDEUR,0.7357,0.7361,0.7305,0.731,0,0,0,1,FX,NFX
14-Feb-2014,USDEUR,0.731,0.7314,0.7291,0.7303,0,0,0,1,FX,NFX
17-Feb-2014,USDEUR,0.7302,0.7303,0.7287,0.7297,0,0,0,1,FX,NFX
18-Feb-2014,USDEUR,0.7297,0.7302,0.7264,0.7268,0,0,0,1,FX,NFX
19-Feb-2014,USDEUR,0.7268,0.7286,0.7261,0.7282,0,0,0,1,FX,NFX
20-Feb-2014,USDEUR,0.728,0.7307,0.7266,0.7288,0,0,0,1,FX,NFX
21-Feb-2014,USDEUR,0.729,0.7298,0.727,0.728,0,0,0,1,FX,NFX
24-Feb-2014,USDEUR,0.7276,0.7295,0.7264,0.7281,0,0,0,1,FX,NFX
25-Feb-2014,USDEUR,0.7281,0.7289,0.7265,0.7276,0,0,0,1,FX,NFX
26-Feb-2014,USDEUR,0.7275,0.732,0.7269,0.7307,0,0,0,1,FX,NFX
27-Feb-2014,USDEUR,0.7306,0.7329,0.7287,0.7294,0,0,0,1,FX,NFX
28-Feb-2014,USDEUR,0.7292,0.7305,0.7237,0.7247,0,0,0,1,FX,NFX
03-Mar-2014,USDEUR,0.7261,0.7286,0.7248,0.7281,0,0,0,1,FX,NFX
04-Mar-2014,USDEUR,0.7282,0.7288,0.7257,0.7278,0,0,0,1,FX,NFX
05-Mar-2014,USDEUR,0.7278,0.7295,0.7275,0.7282,0,0,0,1,FX,NFX
06-Mar-2014,USDEUR,0.7281,0.7288,0.721,0.7215,0,0,0,1,FX,NFX
07-Mar-2014,USDEUR,0.7213,0.7219,0.7188,0.7208,0,0,0,1,FX,NFX
10-Mar-2014,USDEUR,0.721,0.7214,0.7196,0.7204,0,0,0,1,FX,NFX
11-Mar-2014,USDEUR,0.7208,0.7228,0.7204,0.7215,0,0,0,1,FX,NFX
12-Mar-2014,USDEUR,0.7214,0.7223,0.7188,0.7193,0,0,0,1,FX,NFX
13-Mar-2014,USDEUR,0.7191,0.7223,0.7161,0.721,0,0,0,1,FX,NFX
14-Mar-2014,USDEUR,0.7209,0.7222,0.7178,0.7189,0,0,0,1,FX,NFX
17-Mar-2014,USDEUR,0.7189,0.7205,0.7169,0.7183,0,0,0,1,FX,NFX
18-Mar-2014,USDEUR,0.7185,0.7204,0.7174,0.7178,0,0,0,1,FX,NFX
19-Mar-2014,USDEUR,0.718,0.7241,0.7176,0.723,0,0,0,1,FX,NFX
20-Mar-2014,USDEUR,0.723,0.7272,0.7224,0.7258,0,0,0,1,FX,NFX
21-Mar-2014,USDEUR,0.7255,0.7265,0.7241,0.7248,0,0,0,1,FX,NFX
24-Mar-2014,USDEUR,0.725,0.7267,0.7208,0.7226,0,0,0,1,FX,NFX
25-Mar-2014,USDEUR,0.7227,0.7272,0.7223,0.7234,0,0,0,1,FX,NFX
26-Mar-2014,USDEUR,0.7233,0.7259,0.7229,0.7256,0,0,0,1,FX,NFX
27-Mar-2014,USDEUR,0.7255,0.7284,0.7248,0.7276,0,0,0,1,FX,NFX
28-Mar-2014,USDEUR,0.7276,0.7296,0.7263,0.7271,0,0,0,1,FX,NFX
31-Mar-2014,USDEUR,0.727,0.7279,0.7244,0.7261,0,0,0,1,FX,NFX
01-Apr-2014,USDEUR,0.726,0.7263,0.724,0.725,0,0,0,1,FX,NFX
02-Apr-2014,USDEUR,0.725,0.727,0.7238,0.7264,0,0,0,1,FX,NFX
03-Apr-2014,USDEUR,0.7264,0.73,0.7246,0.7288,0,0,0,1,FX,NFX
04-Apr-2014,USDEUR,0.7288,0.7312,0.7284,0.7298,0,0,0,1,FX,NFX
07-Apr-2014,USDEUR,0.7296,0.7302,0.7274,0.7277,0,0,0,1,FX,NFX
08-Apr-2014,USDEUR,0.7276,0.7279,0.7241,0.7248,0,0,0,1,FX,NFX
09-Apr-2014,USDEUR,0.7248,0.7258,0.7215,0.7218,0,0,0,1,FX,NFX
10-Apr-2014,USDEUR,0.722,0.7228,0.7196,0.7202,0,0,0,1,FX,NFX
11-Apr-2014,USDEUR,0.7203,0.7213,0.7191,0.7204,0,0,0,1,FX,NFX
14-Apr-2014,USDEUR,0.7222,0.7242,0.7215,0.7234,0,0,0,1,FX,NFX
15-Apr-2014,USDEUR,0.7238,0.7249,0.7229,0.724,0,0,0,1,FX,NFX
16-Apr-2014,USDEUR,0.7231,0.7244,0.7221,0.7239,0,0,0,1,FX,NFX
17-Apr-2014,USDEUR,0.7239,0.7241,0.7214,0.7239,0,0,0,1,FX,NFX
18-Apr-2014,USDEUR,0.7238,0.7242,0.7234,0.724,0,0,0,1,FX,NFX
21-Apr-2014,USDEUR,0.7241,0.7253,0.7228,0.7249,0,0,0,1,FX,NFX
22-Apr-2014,USDEUR,0.7249,0.7254,0.7234,0.7244,0,0,0,1,FX,NFX
23-Apr-2014,USDEUR,0.7243,0.7246,0.7218,0.7238,0,0,0,1,FX,NFX
24-Apr-2014,USDEUR,0.7239,0.725,0.7226,0.7229,0,0,0,1,FX,NFX
25-Apr-2014,USDEUR,0.723,0.7231,0.7222,0.7228,0,0,0,1,FX,NFX
28-Apr-2014,USDEUR,0.7229,0.7238,0.7206,0.722,0,0,0,1,FX,NFX
29-Apr-2014,USDEUR,0.7221,0.7244,0.7206,0.7241,0,0,0,1,FX,NFX
30-Apr-2014,USDEUR,0.7241,0.7253,0.7208,0.721,0,0,0,1,FX,NFX
01-May-2014,USDEUR,0.7213,0.7215,0.72,0.7209,0,0,0,1,FX,NFX
02-May-2014,USDEUR,0.7213,0.7241,0.7205,0.7208,0,0,0,1,FX,NFX
05-May-2014,USDEUR,0.7211,0.7214,0.7202,0.7207,0,0,0,1,FX,NFX
06-May-2014,USDEUR,0.7207,0.7209,0.7167,0.718,0,0,0,1,FX,NFX
07-May-2014,USDEUR,0.7181,0.7189,0.7175,0.7188,0,0,0,1,FX,NFX
08-May-2014,USDEUR,0.7189,0.7228,0.7148,0.7226,0,0,0,1,FX,NFX
09-May-2014,USDEUR,0.7227,0.7275,0.7222,0.7268,0,0,0,1,FX,NFX
12-May-2014,USDEUR,0.7269,0.7274,0.726,0.7268,0,0,0,1,FX,NFX
13-May-2014,USDEUR,0.7268,0.7305,0.7262,0.7298,0,0,0,1,FX,NFX
14-May-2014,USDEUR,0.7298,0.7301,0.7284,0.7291,0,0,0,1,FX,NFX
15-May-2014,USDEUR,0.7291,0.7327,0.7284,0.7294,0,0,0,1,FX,NFX
16-May-2014,USDEUR,0.7295,0.7308,0.7286,0.7303,0,0,0,1,FX,NFX
19-May-2014,USDEUR,0.7298,0.7306,0.7282,0.7295,0,0,0,1,FX,NFX
20-May-2014,USDEUR,0.7296,0.7309,0.729,0.7299,0,0,0,1,FX,NFX
21-May-2014,USDEUR,0.7299,0.7328,0.7288,0.7307,0,0,0,1,FX,NFX
22-May-2014,USDEUR,0.7308,0.7329,0.7305,0.7324,0,0,0,1,FX,NFX
23-May-2014,USDEUR,0.7322,0.7344,0.7321,0.7339,0,0,0,1,FX,NFX
26-May-2014,USDEUR,0.7334,0.7345,0.7324,0.7329,0,0,0,1,FX,NFX
27-May-2014,USDEUR,0.7329,0.7346,0.7315,0.7334,0,0,0,1,FX,NFX
28-May-2014,USDEUR,0.7334,0.736,0.733,0.7359,0,0,0,1,FX,NFX
29-May-2014,USDEUR,0.7359,0.7361,0.7341,0.7351,0,0,0,1,FX,NFX
30-May-2014,USDEUR,0.7351,0.7354,0.7328,0.7336,0,0,0,1,FX,NFX
02-Jun-2014,USDEUR,0.7336,0.736,0.7329,0.7356,0,0,0,1,FX,NFX
03-Jun-2014,USDEUR,0.7355,0.7358,0.7328,0.7339,0,0,0,1,FX,NFX
04-Jun-2014,USDEUR,0.7339,0.7356,0.7334,0.7354,0,0,0,1,FX,NFX
05-Jun-2014,USDEUR,0.7352,0.7406,0.7318,0.7321,0,0,0,1,FX,NFX
06-Jun-2014,USDEUR,0.7321,0.7342,0.7312,0.733,0,0,0,1,FX,NFX
09-Jun-2014,USDEUR,0.7329,0.7363,0.7317,0.7357,0,0,0,1,FX,NFX
10-Jun-2014,USDEUR,0.7358,0.7388,0.7352,0.7381,0,0,0,1,FX,NFX
11-Jun-2014,USDEUR,0.7382,0.7396,0.7377,0.739,0,0,0,1,FX,NFX
12-Jun-2014,USDEUR,0.7389,0.7401,0.7369,0.738,0,0,0,1,FX,NFX
13-Jun-2014,USDEUR,0.7379,0.7396,0.7365,0.7387,0,0,0,1,FX,NFX
16-Jun-2014,USDEUR,0.7385,0.7401,0.7365,0.7368,0,0,0,1,FX,NFX
17-Jun-2014,USDEUR,0.7369,0.7388,0.7361,0.7382,0,0,0,1,FX,NFX
18-Jun-2014,USDEUR,0.7382,0.7385,0.7356,0.7356,0,0,0,1,FX,NFX
19-Jun-2014,USDEUR,0.7357,0.7362,0.7329,0.7349,0,0,0,1,FX,NFX
20-Jun-2014,USDEUR,0.7349,0.7372,0.7335,0.7352,0,0,0,1,FX,NFX
23-Jun-2014,USDEUR,0.7352,0.7367,0.7346,0.7351,0,0,0,1,FX,NFX
24-Jun-2014,USDEUR,0.7351,0.7362,0.7338,0.7349,0,0,0,1,FX,NFX
25-Jun-2014,USDEUR,0.7349,0.7352,0.7327,0.7338,0,0,0,1,FX,NFX
26-Jun-2014,USDEUR,0.7338,0.7364,0.7329,0.7347,0,0,0,1,FX,NFX
27-Jun-2014,USDEUR,0.7347,0.7349,0.7325,0.7329,0,0,0,1,FX,NFX
30-Jun-2014,USDEUR,0.7328,0.7331,0.7301,0.7304,0,0,0,1,FX,NFX
01-Jul-2014,USDEUR,0.7304,0.7311,0.7301,0.731,0,0,0,1,FX,NFX
02-Jul-2014,USDEUR,0.731,0.7329,0.7308,0.7322,0,0,0,1,FX,NFX
03-Jul-2014,USDEUR,0.7321,0.7355,0.7319,0.7348,0,0,0,1,FX,NFX
04-Jul-2014,USDEUR,0.7347,0.7361,0.7347,0.7357,0,0,0,1,FX,NFX
07-Jul-2014,USDEUR,0.7358,0.7366,0.7347,0.7349,0,0,0,1,FX,NFX
08-Jul-2014,USDEUR,0.7349,0.7361,0.7344,0.7347,0,0,0,1,FX,NFX
09-Jul-2014,USDEUR,0.7346,0.7351,0.7328,0.733,0,0,0,1,FX,NFX
10-Jul-2014,USDEUR,0.7329,0.7359,0.7326,0.7349,0,0,0,1,FX,NFX
11-Jul-2014,USDEUR,0.7349,0.7358,0.734,0.7348,0,0,0,1,FX,NFX
14-Jul-2014,USDEUR,0.7348,0.7354,0.7332,0.7343,0,0,0,1,FX,NFX
15-Jul-2014,USDEUR,0.7342,0.7372,0.734,0.7369,0,0,0,1,FX,NFX
16-Jul-2014,USDEUR,0.7369,0.7396,0.7369,0.7394,0,0,0,1,FX,NFX
17-Jul-2014,USDEUR,0.7395,0.7398,0.7386,0.7392,0,0,0,1,FX,NFX
18-Jul-2014,USDEUR,0.7391,0.7411,0.7388,0.7394,0,0,0,1,FX,NFX
21-Jul-2014,USDEUR,0.7391,0.74,0.7381,0.7395,0,0,0,1,FX,NFX
22-Jul-2014,USDEUR,0.7394,0.7429,0.7391,0.7427,0,0,0,1,FX,NFX
23-Jul-2014,USDEUR,0.7426,0.7431,0.7422,0.7428,0,0,0,1,FX,NFX
24-Jul-2014,USDEUR,0.7429,0.744,0.7416,0.7428,0,0,27,1,FX,NFX
25-Jul-2014,USDEUR,0.7429,0.745,0.7421,0.7446,0,0,0,1,FX,NFX
28-Jul-2014,USDEUR,0.7447,0.7449,0.7439,0.7442,0,0,0,1,FX,NFX
29-Jul-2014,USDEUR,0.7442,0.746,0.7438,0.7458,0,0,0,1,FX,NFX
30-Jul-2014,USDEUR,0.7459,0.7481,0.7453,0.7465,0,0,0,1,FX,NFX
31-Jul-2014,USDEUR,0.7464,0.7479,0.7462,0.7469,0,0,0,1,FX,NFX
01-Aug-2014,USDEUR,0.747,0.7475,0.7439,0.7447,0,0,0,1,FX,NFX
04-Aug-2014,USDEUR,0.7447,0.7458,0.7445,0.7451,0,0,0,1,FX,NFX
05-Aug-2014,USDEUR,0.745,0.7485,0.7448,0.7476,0,0,0,1,FX,NFX
06-Aug-2014,USDEUR,0.7476,0.75,0.7471,0.7471,0,0,0,1,FX,NFX
07-Aug-2014,USDEUR,0.7471,0.7498,0.7467,0.7484,0,0,0,1,FX,NFX
08-Aug-2014,USDEUR,0.7483,0.7493,0.7448,0.7457,0,0,0,1,FX,NFX
11-Aug-2014,USDEUR,0.7458,0.7473,0.7456,0.7471,0,0,0,1,FX,NFX
12-Aug-2014,USDEUR,0.747,0.7498,0.747,0.7481,0,0,0,1,FX,NFX
13-Aug-2014,USDEUR,0.748,0.7493,0.7456,0.7483,0,0,0,1,FX,NFX
14-Aug-2014,USDEUR,0.7482,0.749,0.7459,0.7483,0,0,0,1,FX,NFX
15-Aug-2014,USDEUR,0.7482,0.7486,0.7457,0.7464,0,0,0,1,FX,NFX
18-Aug-2014,USDEUR,0.746,0.7489,0.746,0.7484,0,0,0,1,FX,NFX
19-Aug-2014,USDEUR,0.7484,0.751,0.7482,0.7508,0,0,0,1,FX,NFX
20-Aug-2014,USDEUR,0.7507,0.7544,0.7506,0.7542,0,0,0,1,FX,NFX
21-Aug-2014,USDEUR,0.7543,0.7551,0.7526,0.753,0,0,0,1,FX,NFX
22-Aug-2014,USDEUR,0.7529,0.7563,0.7521,0.755,0,0,0,1,FX,NFX
25-Aug-2014,USDEUR,0.7551,0.7585,0.755,0.758,0,0,0,1,FX,NFX
26-Aug-2014,USDEUR,0.758,0.7596,0.7568,0.7593,0,0,0,1,FX,NFX
27-Aug-2014,USDEUR,0.7593,0.7603,0.7571,0.758,0,0,0,1,FX,NFX
28-Aug-2014,USDEUR,0.7581,0.7599,0.7565,0.7586,0,0,0,1,FX,NFX
29-Aug-2014,USDEUR,0.7587,0.7613,0.7579,0.7613,0,0,0,1,FX,NFX
01-Sep-2014,USDEUR,0.7611,0.7623,0.7608,0.7617,0,0,0,1,FX,NFX
02-Sep-2014,USDEUR,0.7617,0.7628,0.7612,0.7614,0,0,0,1,FX,NFX
03-Sep-2014,USDEUR,0.7613,0.7621,0.76,0.7605,0,0,0,1,FX,NFX
04-Sep-2014,USDEUR,0.7605,0.7738,0.7603,0.7726,0,0,0,1,FX,NFX
05-Sep-2014,USDEUR,0.7726,0.7739,0.7705,0.772,0,0,0,1,FX,NFX
08-Sep-2014,USDEUR,0.7722,0.7757,0.7714,0.7754,0,0,0,1,FX,NFX
09-Sep-2014,USDEUR,0.7755,0.7777,0.7718,0.7729,0,0,0,1,FX,NFX
10-Sep-2014,USDEUR,0.773,0.776,0.7714,0.7742,0,0,0,1,FX,NFX
11-Sep-2014,USDEUR,0.7742,0.7753,0.7722,0.774,0,0,0,1,FX,NFX
12-Sep-2014,USDEUR,0.7739,0.7746,0.7706,0.7715,0,0,0,1,FX,NFX
15-Sep-2014,USDEUR,0.7712,0.7746,0.7698,0.7728,0,0,0,1,FX,NFX
16-Sep-2014,USDEUR,0.7727,0.7738,0.7698,0.7717,0,0,0,1,FX,NFX
17-Sep-2014,USDEUR,0.7714,0.7781,0.7705,0.7773,0,0,0,1,FX,NFX
18-Sep-2014,USDEUR,0.7772,0.7792,0.7735,0.7739,0,0,0,1,FX,NFX
19-Sep-2014,USDEUR,0.7737,0.7794,0.7734,0.7793,0,0,0,1,FX,NFX
22-Sep-2014,USDEUR,0.7795,0.7802,0.7772,0.7782,0,0,0,1,FX,NFX
23-Sep-2014,USDEUR,0.7784,0.7787,0.7752,0.7783,0,0,0,1,FX,NFX
24-Sep-2014,USDEUR,0.7784,0.7829,0.7774,0.7825,0,0,0,1,FX,NFX
25-Sep-2014,USDEUR,0.7823,0.7871,0.7823,0.7843,0,0,0,1,FX,NFX
26-Sep-2014,USDEUR,0.7843,0.7888,0.7836,0.7886,0,0,0,1,FX,NFX
29-Sep-2014,USDEUR,0.7884,0.7895,0.7866,0.788,0,0,0,1,FX,NFX
30-Sep-2014,USDEUR,0.7884,0.7954,0.7873,0.7918,0,0,0,1,FX,NFX
01-Oct-2014,USDEUR,0.7918,0.7946,0.7913,0.7922,0,0,0,1,FX,NFX
02-Oct-2014,USDEUR,0.7923,0.7928,0.7876,0.7893,0,0,0,1,FX,NFX
03-Oct-2014,USDEUR,0.7893,0.8,0.789,0.799,0,0,0,1,FX,NFX
06-Oct-2014,USDEUR,0.799,0.7999,0.7892,0.7903,0,0,0,1,FX,NFX
07-Oct-2014,USDEUR,0.7904,0.7946,0.7886,0.7893,0,0,0,1,FX,NFX
08-Oct-2014,USDEUR,0.7893,0.7922,0.7845,0.7853,0,0,0,1,FX,NFX
09-Oct-2014,USDEUR,0.7853,0.7894,0.782,0.788,0,0,0,1,FX,NFX
10-Oct-2014,USDEUR,0.7879,0.7933,0.7865,0.7923,0,0,0,1,FX,NFX
13-Oct-2014,USDEUR,0.792,0.7923,0.7836,0.7845,0,0,0,1,FX,NFX
14-Oct-2014,USDEUR,0.7842,0.7911,0.7833,0.7899,0,0,0,1,FX,NFX
15-Oct-2014,USDEUR,0.79,0.7921,0.7779,0.7789,0,0,0,1,FX,NFX
16-Oct-2014,USDEUR,0.7792,0.7871,0.7786,0.7807,0,0,0,1,FX,NFX
17-Oct-2014,USDEUR,0.7808,0.7846,0.7791,0.7838,0,0,0,1,FX,NFX
20-Oct-2014,USDEUR,0.7833,0.7854,0.7803,0.7813,0,0,0,1,FX,NFX
21-Oct-2014,USDEUR,0.7812,0.7865,0.7789,0.7865,0,0,0,1,FX,NFX
22-Oct-2014,USDEUR,0.7862,0.7913,0.7851,0.7909,0,0,0,1,FX,NFX
23-Oct-2014,USDEUR,0.7906,0.7926,0.7891,0.7907,0,0,0,1,FX,NFX
24-Oct-2014,USDEUR,0.7906,0.7913,0.7878,0.7893,0,0,0,1,FX,NFX
27-Oct-2014,USDEUR,0.7892,0.7894,0.7862,0.7874,0,0,0,1,FX,NFX
28-Oct-2014,USDEUR,0.7874,0.7883,0.7835,0.7853,0,0,0,1,FX,NFX
29-Oct-2014,USDEUR,0.7853,0.7916,0.7833,0.7916,0,0,0,1,FX,NFX
30-Oct-2014,USDEUR,0.7913,0.7964,0.7912,0.7929,0,0,0,1,FX,NFX
31-Oct-2014,USDEUR,0.7928,0.8006,0.7927,0.7984,0,0,0,1,FX,NFX
03-Nov-2014,USDEUR,0.7999,0.8034,0.7991,0.8013,0,0,831,1,FX,NFX
04-Nov-2014,USDEUR,0.8012,0.8012,0.7953,0.7971,0,0,772,1,FX,NFX
05-Nov-2014,USDEUR,0.7971,0.8024,0.7957,0.8009,0,0,820,1,FX,NFX
06-Nov-2014,USDEUR,0.8009,0.8086,0.7978,0.8081,0,0,869,1,FX,NFX
07-Nov-2014,USDEUR,0.8081,0.8085,0.8021,0.803,0,0,883,1,FX,NFX
10-Nov-2014,USDEUR,0.8019,0.8052,0.7994,0.8052,0,0,0,1,FX,NFX
11-Nov-2014,USDEUR,0.8051,0.8068,0.8,0.8016,0,0,0,1,FX,NFX
12-Nov-2014,USDEUR,0.8017,0.8052,0.8002,0.8038,0,0,0,1,FX,NFX
13-Nov-2014,USDEUR,0.804,0.8046,0.8005,0.8015,0,0,0,1,FX,NFX
14-Nov-2014,USDEUR,0.8014,0.8065,0.7972,0.7984,0,0,0,1,FX,NFX
17-Nov-2014,USDEUR,0.7978,0.8034,0.7953,0.8033,0,0,0,1,FX,NFX
18-Nov-2014,USDEUR,0.8033,0.8036,0.7973,0.7977,0,0,0,1,FX,NFX
19-Nov-2014,USDEUR,0.7979,0.7992,0.7947,0.7967,0,0,0,1,FX,NFX
20-Nov-2014,USDEUR,0.7967,0.7996,0.7954,0.7974,0,0,0,1,FX,NFX
21-Nov-2014,USDEUR,0.7974,0.808,0.7957,0.8071,0,0,0,1,FX,NFX
24-Nov-2014,USDEUR,0.8085,0.8089,0.8034,0.8037,0,0,0,1,FX,NFX
25-Nov-2014,USDEUR,0.8037,0.8061,0.801,0.8016,0,0,0,1,FX,NFX
26-Nov-2014,USDEUR,0.8018,0.8036,0.7983,0.7995,0,0,0,1,FX,NFX
27-Nov-2014,USDEUR,0.7997,0.8023,0.7985,0.8021,0,0,0,1,FX,NFX
28-Nov-2014,USDEUR,0.8021,0.8046,0.8006,0.8032,0,0,0,1,FX,NFX
01-Dec-2014,USDEUR,0.8025,0.8052,0.7996,0.8019,0,0,0,1,FX,NFX
02-Dec-2014,USDEUR,0.8017,0.8079,0.8015,0.8076,0,0,0,1,FX,NFX
03-Dec-2014,USDEUR,0.8076,0.813,0.807,0.8124,0,0,0,1,FX,NFX
04-Dec-2014,USDEUR,0.812,0.8133,0.8031,0.8077,0,0,0,1,FX,NFX
05-Dec-2014,USDEUR,0.8078,0.8147,0.807,0.8139,0,0,0,1,FX,NFX
08-Dec-2014,USDEUR,0.8138,0.8165,0.8104,0.8118,0,0,0,1,FX,NFX
09-Dec-2014,USDEUR,0.8119,0.8135,0.8036,0.8081,0,0,0,1,FX,NFX
10-Dec-2014,USDEUR,0.8083,0.8089,0.8034,0.8034,0,0,0,1,FX,NFX
11-Dec-2014,USDEUR,0.8034,0.8084,0.8003,0.8057,0,0,0,1,FX,NFX
12-Dec-2014,USDEUR,0.8058,0.8075,0.801,0.8028,0,0,0,1,FX,NFX
15-Dec-2014,USDEUR,0.8016,0.8054,0.8014,0.8039,0,0,0,1,FX,NFX
16-Dec-2014,USDEUR,0.8039,0.8043,0.796,0.7994,0,0,0,1,FX,NFX
17-Dec-2014,USDEUR,0.7992,0.8115,0.7991,0.8101,0,0,0,1,FX,NFX
18-Dec-2014,USDEUR,0.8101,0.8152,0.8096,0.8139,0,0,0,1,FX,NFX
19-Dec-2014,USDEUR,0.814,0.8181,0.8131,0.8176,0,0,0,1,FX,NFX
22-Dec-2014,USDEUR,0.8181,0.8185,0.815,0.8176,0,0,0,1,FX,NFX
23-Dec-2014,USDEUR,0.8176,0.8219,0.8166,0.8216,0,0,0,1,FX,NFX
24-Dec-2014,USDEUR,0.8216,0.8217,0.8184,0.8198,0,0,0,1,FX,NFX
25-Dec-2014,USDEUR,0.8197,0.8205,0.8157,0.8185,0,0,0,1,FX,NFX
26-Dec-2014,USDEUR,0.8189,0.8217,0.8179,0.8211,0,0,0,1,FX,NFX
29-Dec-2014,USDEUR,0.8207,0.8235,0.8185,0.8226,0,0,0,1,FX,NFX
30-Dec-2014,USDEUR,0.8227,0.8247,0.8206,0.8226,0,0,0,1,FX,NFX
31-Dec-2014,USDEUR,0.8221,0.8266,0.8217,0.8266,0,0,0,1,FX,NFX
01-Jan-2015,USDEUR,0.8271,0.8279,0.8259,0.8261,0,0,0,1,FX,NFX
02-Jan-2015,USDEUR,0.8261,0.8333,0.826,0.8333,0,0,0,1,FX,NFX
05-Jan-2015,USDEUR,0.8373,0.8423,0.8351,0.8379,0,0,0,1,FX,NFX
06-Jan-2015,USDEUR,0.8413,0.8436,0.8413,0.8424,0,0,0,1,FX,NFX
07-Jan-2015,USDEUR,0.8413,0.8474,0.8407,0.8447,0,0,0,1,FX,NFX
08-Jan-2015,USDEUR,0.8448,0.8507,0.8439,0.8478,0,0,0,1,FX,NFX
09-Jan-2015,USDEUR,0.8481,0.85,0.8442,0.8444,0,0,0,1,FX,NFX
12-Jan-2015,USDEUR,0.8436,0.8483,0.8424,0.8451,0,0,0,1,FX,NFX
13-Jan-2015,USDEUR,0.8449,0.8507,0.8432,0.8495,0,0,0,1,FX,NFX
14-Jan-2015,USDEUR,0.8493,0.8527,0.8446,0.8483,0,0,0,1,FX,NFX
15-Jan-2015,USDEUR,0.8481,0.8639,0.8478,0.8598,0,0,0,1,FX,NFX
16-Jan-2015,USDEUR,0.8599,0.8722,0.8584,0.8648,0,0,0,1,FX,NFX
19-Jan-2015,USDEUR,0.865,0.8656,0.8593,0.8616,0,0,0,1,FX,NFX
20-Jan-2015,USDEUR,0.8617,0.8664,0.861,0.8659,0,0,0,1,FX,NFX
21-Jan-2015,USDEUR,0.8659,0.8663,0.8573,0.8614,0,0,0,1,FX,NFX
22-Jan-2015,USDEUR,0.8613,0.8835,0.859,0.88,0,0,0,1,FX,NFX
23-Jan-2015,USDEUR,0.8799,0.8997,0.879,0.8922,0,0,0,1,FX,NFX
26-Jan-2015,USDEUR,0.8956,0.8965,0.8855,0.8897,0,0,0,1,FX,NFX
27-Jan-2015,USDEUR,0.8895,0.891,0.8756,0.8783,0,0,0,1,FX,NFX
28-Jan-2015,USDEUR,0.8786,0.8866,0.8783,0.886,0,0,0,1,FX,NFX
29-Jan-2015,USDEUR,0.8859,0.888,0.8799,0.8835,0,0,0,1,FX,NFX
30-Jan-2015,USDEUR,0.8836,0.8865,0.8801,0.8861,0,0,0,1,FX,NFX
02-Feb-2015,USDEUR,0.8841,0.8856,0.8802,0.882,0,0,0,1,FX,NFX
03-Feb-2015,USDEUR,0.8815,0.884,0.8673,0.8713,0,0,0,1,FX,NFX
04-Feb-2015,USDEUR,0.8709,0.8837,0.8708,0.8816,0,0,0,1,FX,NFX
05-Feb-2015,USDEUR,0.8814,0.8845,0.8697,0.8714,0,0,0,1,FX,NFX
06-Feb-2015,USDEUR,0.871,0.8841,0.8704,0.8838,0,0,0,1,FX,NFX
09-Feb-2015,USDEUR,0.8852,0.8872,0.8806,0.8831,0,0,0,1,FX,NFX
10-Feb-2015,USDEUR,0.8831,0.8871,0.8814,0.8836,0,0,0,1,FX,NFX
11-Feb-2015,USDEUR,0.8834,0.8864,0.8816,0.8822,0,0,0,1,FX,NFX
12-Feb-2015,USDEUR,0.8822,0.8845,0.8756,0.8769,0,0,0,1,FX,NFX
13-Feb-2015,USDEUR,0.8766,0.8786,0.874,0.8778,0,0,0,1,FX,NFX
16-Feb-2015,USDEUR,0.8774,0.8832,0.875,0.8807,0,0,0,1,FX,NFX
17-Feb-2015,USDEUR,0.8809,0.8831,0.8738,0.8763,0,0,0,1,FX,NFX
18-Feb-2015,USDEUR,0.8763,0.8821,0.876,0.8776,0,0,0,1,FX,NFX
19-Feb-2015,USDEUR,0.8775,0.8804,0.8736,0.8798,0,0,0,1,FX,NFX
20-Feb-2015,USDEUR,0.8792,0.8863,0.8752,0.8786,0,0,0,1,FX,NFX
23-Feb-2015,USDEUR,0.8772,0.8854,0.8772,0.8822,0,0,0,1,FX,NFX
24-Feb-2015,USDEUR,0.8821,0.8855,0.8807,0.8818,0,0,0,1,FX,NFX
25-Feb-2015,USDEUR,0.8817,0.8821,0.878,0.8802,0,0,0,1,FX,NFX
26-Feb-2015,USDEUR,0.8801,0.8942,0.8787,0.8931,0,0,0,1,FX,NFX
27-Feb-2015,USDEUR,0.893,0.8946,0.8892,0.8933,0,0,0,1,FX,NFX
02-Mar-2015,USDEUR,0.8943,0.8961,0.8897,0.8942,0,0,0,1,FX,NFX
03-Mar-2015,USDEUR,0.8942,0.8964,0.8916,0.8948,0,0,0,1,FX,NFX
04-Mar-2015,USDEUR,0.8948,0.904,0.894,0.9026,0,0,0,1,FX,NFX
05-Mar-2015,USDEUR,0.9026,0.9099,0.9004,0.9068,0,0,0,1,FX,NFX
06-Mar-2015,USDEUR,0.9064,0.9224,0.9062,0.9223,0,0,0,1,FX,NFX
09-Mar-2015,USDEUR,0.9233,0.924,0.9169,0.9218,0,0,0,1,FX,NFX
10-Mar-2015,USDEUR,0.9215,0.9351,0.9213,0.9347,0,0,0,1,FX,NFX
11-Mar-2015,USDEUR,0.9358,0.9512,0.9331,0.9481,0,0,0,1,FX,NFX
12-Mar-2015,USDEUR,0.9483,0.9526,0.9362,0.9403,0,0,0,1,FX,NFX
13-Mar-2015,USDEUR,0.9412,0.9557,0.9405,0.953,0,0,0,1,FX,NFX
16-Mar-2015,USDEUR,0.9536,0.9542,0.942,0.9466,0,0,0,1,FX,NFX
17-Mar-2015,USDEUR,0.9463,0.9476,0.9392,0.9437,0,0,0,1,FX,NFX
18-Mar-2015,USDEUR,0.9436,0.9451,0.9077,0.9201,0,0,0,1,FX,NFX
19-Mar-2015,USDEUR,0.9233,0.942,0.9165,0.9385,0,0,0,1,FX,NFX
20-Mar-2015,USDEUR,0.9381,0.9385,0.9192,0.9244,0,0,0,1,FX,NFX
23-Mar-2015,USDEUR,0.9202,0.9285,0.9113,0.9135,0,0,0,1,FX,NFX
24-Mar-2015,USDEUR,0.9135,0.9182,0.9072,0.9153,0,0,0,1,FX,NFX
25-Mar-2015,USDEUR,0.9158,0.9173,0.9082,0.9116,0,0,0,1,FX,NFX
26-Mar-2015,USDEUR,0.9113,0.9209,0.9052,0.9188,0,0,0,1,FX,NFX
27-Mar-2015,USDEUR,0.9194,0.9256,0.9144,0.9182,0,0,0,1,FX,NFX
30-Mar-2015,USDEUR,0.9185,0.925,0.9179,0.9232,0,0,0,1,FX,NFX
31-Mar-2015,USDEUR,0.9237,0.9331,0.9221,0.9313,0,0,0,1,FX,NFX
01-Apr-2015,USDEUR,0.9309,0.9328,0.926,0.9293,0,0,0,1,FX,NFX
02-Apr-2015,USDEUR,0.9288,0.9302,0.9174,0.9192,0,0,0,1,FX,NFX
03-Apr-2015,USDEUR,0.9193,0.9204,0.9072,0.9112,0,0,0,1,FX,NFX
06-Apr-2015,USDEUR,0.9089,0.9163,0.9063,0.9153,0,0,0,1,FX,NFX
07-Apr-2015,USDEUR,0.9148,0.9254,0.9126,0.9246,0,0,0,1,FX,NFX
08-Apr-2015,USDEUR,0.9239,0.9284,0.9186,0.9275,0,0,0,1,FX,NFX
09-Apr-2015,USDEUR,0.9271,0.9401,0.927,0.9381,0,0,0,1,FX,NFX
10-Apr-2015,USDEUR,0.9379,0.9462,0.9359,0.943,0,0,0,1,FX,NFX
13-Apr-2015,USDEUR,0.9425,0.9505,0.9416,0.9465,0,0,0,1,FX,NFX
14-Apr-2015,USDEUR,0.9459,0.9495,0.9343,0.9386,0,0,0,1,FX,NFX
15-Apr-2015,USDEUR,0.9389,0.9459,0.9344,0.9359,0,0,0,1,FX,NFX
16-Apr-2015,USDEUR,0.9367,0.941,0.9247,0.9293,0,0,0,1,FX,NFX
17-Apr-2015,USDEUR,0.9293,0.9311,0.9218,0.925,0,0,0,1,FX,NFX
20-Apr-2015,USDEUR,0.9266,0.9335,0.9244,0.9315,0,0,0,1,FX,NFX
21-Apr-2015,USDEUR,0.9314,0.9379,0.9278,0.9315,0,0,0,1,FX,NFX
22-Apr-2015,USDEUR,0.9313,0.9338,0.926,0.9324,0,0,0,1,FX,NFX
23-Apr-2015,USDEUR,0.9329,0.9373,0.9222,0.9234,0,0,0,1,FX,NFX
24-Apr-2015,USDEUR,0.9244,0.9271,0.9177,0.9199,0,0,0,1,FX,NFX
27-Apr-2015,USDEUR,0.9204,0.9242,0.9153,0.9184,0,0,0,1,FX,NFX
28-Apr-2015,USDEUR,0.919,0.9205,0.91,0.9105,0,0,0,1,FX,NFX
29-Apr-2015,USDEUR,0.9111,0.9123,0.8939,0.8987,0,0,0,1,FX,NFX
30-Apr-2015,USDEUR,0.8993,0.9031,0.8878,0.8911,0,0,0,1,FX,NFX
01-May-2015,USDEUR,0.8919,0.8946,0.8864,0.893,0,0,0,1,FX,NFX
04-May-2015,USDEUR,0.8938,0.899,0.8908,0.8968,0,0,0,1,FX,NFX
05-May-2015,USDEUR,0.8972,0.9036,0.8915,0.8941,0,0,0,1,FX,NFX
06-May-2015,USDEUR,0.8944,0.8947,0.8795,0.8812,0,0,0,1,FX,NFX
07-May-2015,USDEUR,0.8812,0.8897,0.8779,0.8875,0,0,0,1,FX,NFX
08-May-2015,USDEUR,0.8892,0.8941,0.8871,0.8921,0,0,0,1,FX,NFX
11-May-2015,USDEUR,0.893,0.8982,0.8925,0.8962,0,0,0,1,FX,NFX
12-May-2015,USDEUR,0.8971,0.8981,0.887,0.8918,0,0,0,1,FX,NFX
13-May-2015,USDEUR,0.8916,0.8925,0.8782,0.881,0,0,0,1,FX,NFX
14-May-2015,USDEUR,0.8806,0.8817,0.8739,0.8766,0,0,0,1,FX,NFX
15-May-2015,USDEUR,0.877,0.8829,0.8721,0.8735,0,0,0,1,FX,NFX
18-May-2015,USDEUR,0.8739,0.8851,0.8737,0.8839,0,0,0,1,FX,NFX
19-May-2015,USDEUR,0.8839,0.8991,0.8829,0.8968,0,0,0,1,FX,NFX
20-May-2015,USDEUR,0.8971,0.9034,0.8968,0.9012,0,0,0,1,FX,NFX
21-May-2015,USDEUR,0.9014,0.9022,0.8943,0.9,0,0,0,1,FX,NFX
22-May-2015,USDEUR,0.8999,0.9087,0.8921,0.908,0,0,0,1,FX,NFX
25-May-2015,USDEUR,0.9086,0.9123,0.9083,0.9109,0,0,0,1,FX,NFX
26-May-2015,USDEUR,0.9107,0.9204,0.9105,0.9195,0,0,0,1,FX,NFX
27-May-2015,USDEUR,0.9183,0.9242,0.915,0.9172,0,0,0,1,FX,NFX
28-May-2015,USDEUR,0.9168,0.9195,0.9126,0.9133,0,0,0,1,FX,NFX
29-May-2015,USDEUR,0.9118,0.9152,0.9088,0.9097,0,0,0,1,FX,NFX
01-Jun-2015,USDEUR,0.9117,0.9183,0.9108,0.9153,0,0,0,1,FX,NFX
02-Jun-2015,USDEUR,0.9152,0.9161,0.8939,0.897,0,0,0,1,FX,NFX
03-Jun-2015,USDEUR,0.8965,0.9022,0.8862,0.8871,0,0,0,1,FX,NFX
04-Jun-2015,USDEUR,0.8879,0.8906,0.8794,0.8899,0,0,0,1,FX,NFX
05-Jun-2015,USDEUR,0.8927,0.9048,0.8864,0.8998,0,0,0,1,FX,NFX
08-Jun-2015,USDEUR,0.9002,0.9019,0.8844,0.8852,0,0,0,1,FX,NFX
09-Jun-2015,USDEUR,0.8863,0.8917,0.8818,0.8864,0,0,0,1,FX,NFX
10-Jun-2015,USDEUR,0.8869,0.8879,0.8786,0.8831,0,0,0,1,FX,NFX
11-Jun-2015,USDEUR,0.8837,0.8933,0.8832,0.8883,0,0,0,1,FX,NFX
12-Jun-2015,USDEUR,0.8893,0.8962,0.886,0.8879,0,0,0,1,FX,NFX
15-Jun-2015,USDEUR,0.8918,0.8937,0.8851,0.8862,0,0,0,1,FX,NFX
16-Jun-2015,USDEUR,0.8864,0.8921,0.883,0.889,0,0,0,1,FX,NFX
17-Jun-2015,USDEUR,0.8891,0.8906,0.8805,0.882,0,0,0,1,FX,NFX
18-Jun-2015,USDEUR,0.8819,0.8824,0.8745,0.8797,0,0,0,1,FX,NFX
19-Jun-2015,USDEUR,0.8799,0.8854,0.8782,0.8811,0,0,0,1,FX,NFX
22-Jun-2015,USDEUR,0.8789,0.8837,0.8767,0.8818,0,0,0,1,FX,NFX
23-Jun-2015,USDEUR,0.882,0.8978,0.881,0.8955,0,0,0,1,FX,NFX
24-Jun-2015,USDEUR,0.8956,0.8963,0.8901,0.8923,0,0,0,1,FX,NFX
25-Jun-2015,USDEUR,0.8923,0.8964,0.8911,0.8925,0,0,0,1,FX,NFX
26-Jun-2015,USDEUR,0.8926,0.8983,0.8915,0.8953,0,0,0,1,FX,NFX
29-Jun-2015,USDEUR,0.9082,0.9127,0.8877,0.8898,0,0,0,1,FX,NFX
30-Jun-2015,USDEUR,0.8898,0.8991,0.8893,0.898,0,0,0,1,FX,NFX
01-Jul-2015,USDEUR,0.8978,0.9056,0.896,0.9046,0,0,0,1,FX,NFX
02-Jul-2015,USDEUR,0.9045,0.9063,0.8995,0.9021,0,0,0,1,FX,NFX
03-Jul-2015,USDEUR,0.9024,0.9037,0.8996,0.9,0,0,0,1,FX,NFX
06-Jul-2015,USDEUR,0.9099,0.9116,0.9013,0.9044,0,0,0,1,FX,NFX
07-Jul-2015,USDEUR,0.9046,0.9159,0.9042,0.9084,0,0,0,1,FX,NFX
08-Jul-2015,USDEUR,0.9085,0.9112,0.9019,0.9028,0,0,0,1,FX,NFX
09-Jul-2015,USDEUR,0.9029,0.9098,0.8995,0.9063,0,0,0,1,FX,NFX
10-Jul-2015,USDEUR,0.9062,0.9064,0.8919,0.8962,0,0,0,1,FX,NFX
13-Jul-2015,USDEUR,0.9012,0.9094,0.8932,0.9087,0,0,0,1,FX,NFX
14-Jul-2015,USDEUR,0.9083,0.9117,0.9031,0.9083,0,0,0,1,FX,NFX
15-Jul-2015,USDEUR,0.9083,0.9148,0.9063,0.9135,0,0,0,1,FX,NFX
16-Jul-2015,USDEUR,0.9133,0.921,0.9123,0.9195,0,0,0,1,FX,NFX
17-Jul-2015,USDEUR,0.9197,0.9234,0.9168,0.9233,0,0,0,1,FX,NFX
20-Jul-2015,USDEUR,0.9232,0.9245,0.9201,0.9239,0,0,0,1,FX,NFX
21-Jul-2015,USDEUR,0.9234,0.9247,0.9121,0.9139,0,0,0,1,FX,NFX
22-Jul-2015,USDEUR,0.9147,0.9199,0.912,0.915,0,0,0,1,FX,NFX
23-Jul-2015,USDEUR,0.9153,0.9155,0.9077,0.9104,0,0,0,1,FX,NFX
24-Jul-2015,USDEUR,0.9103,0.9152,0.9096,0.9109,0,0,0,1,FX,NFX
27-Jul-2015,USDEUR,0.9104,0.9117,0.8988,0.9017,0,0,0,1,FX,NFX
28-Jul-2015,USDEUR,0.9019,0.9073,0.9011,0.9043,0,0,0,1,FX,NFX
29-Jul-2015,USDEUR,0.9042,0.9116,0.9022,0.9103,0,0,0,1,FX,NFX
30-Jul-2015,USDEUR,0.9101,0.9178,0.91,0.9148,0,0,0,1,FX,NFX
31-Jul-2015,USDEUR,0.9146,0.9155,0.9001,0.9104,0,0,0,1,FX,NFX
03-Aug-2015,USDEUR,0.9113,0.9138,0.9094,0.913,0,0,0,1,FX,NFX
04-Aug-2015,USDEUR,0.9128,0.919,0.9101,0.919,0,0,0,1,FX,NFX
05-Aug-2015,USDEUR,0.9189,0.9217,0.9162,0.9169,0,0,0,1,FX,NFX
06-Aug-2015,USDEUR,0.9169,0.9195,0.9143,0.9153,0,0,0,1,FX,NFX
07-Aug-2015,USDEUR,0.9154,0.921,0.9109,0.912,0,0,0,1,FX,NFX
10-Aug-2015,USDEUR,0.9123,0.9153,0.9058,0.9077,0,0,0,1,FX,NFX
11-Aug-2015,USDEUR,0.9073,0.9123,0.9021,0.9057,0,0,0,1,FX,NFX
12-Aug-2015,USDEUR,0.9056,0.9068,0.892,0.8959,0,0,0,1,FX,NFX
13-Aug-2015,USDEUR,0.8962,0.9022,0.8938,0.8967,0,0,0,1,FX,NFX
14-Aug-2015,USDEUR,0.8968,0.9011,0.8939,0.8999,0,0,0,1,FX,NFX
17-Aug-2015,USDEUR,0.899,0.9041,0.899,0.9028,0,0,0,1,FX,NFX
18-Aug-2015,USDEUR,0.9026,0.9076,0.9016,0.9069,0,0,0,1,FX,NFX
19-Aug-2015,USDEUR,0.9067,0.9073,0.8981,0.8992,0,0,0,1,FX,NFX
20-Aug-2015,USDEUR,0.8995,0.9002,0.8892,0.8898,0,0,0,1,FX,NFX
21-Aug-2015,USDEUR,0.8895,0.8905,0.8781,0.8781,0,0,0,1,FX,NFX
24-Aug-2015,USDEUR,0.879,0.8795,0.8543,0.861,0,0,0,1,FX,NFX
25-Aug-2015,USDEUR,0.8608,0.8774,0.8608,0.8681,0,0,0,1,FX,NFX
26-Aug-2015,USDEUR,0.8679,0.8855,0.8653,0.8841,0,0,0,1,FX,NFX
27-Aug-2015,USDEUR,0.8841,0.8925,0.8799,0.8895,0,0,0,1,FX,NFX
28-Aug-2015,USDEUR,0.8892,0.8961,0.8842,0.8942,0,0,0,1,FX,NFX
31-Aug-2015,USDEUR,0.8945,0.8953,0.888,0.8918,0,0,0,1,FX,NFX
01-Sep-2015,USDEUR,0.892,0.8921,0.8823,0.8836,0,0,0,1,FX,NFX
02-Sep-2015,USDEUR,0.884,0.8915,0.8831,0.8906,0,0,0,1,FX,NFX
03-Sep-2015,USDEUR,0.8907,0.9018,0.8896,0.899,0,0,0,1,FX,NFX
04-Sep-2015,USDEUR,0.8988,0.9014,0.8948,0.8971,0,0,0,1,FX,NFX
07-Sep-2015,USDEUR,0.896,0.899,0.8945,0.8952,0,0,0,1,FX,NFX
08-Sep-2015,USDEUR,0.8952,0.8965,0.8907,0.8925,0,0,0,1,FX,NFX
09-Sep-2015,USDEUR,0.8923,0.8982,0.8915,0.8923,0,0,0,1,FX,NFX
10-Sep-2015,USDEUR,0.8924,0.8948,0.8854,0.8865,0,0,0,1,FX,NFX
11-Sep-2015,USDEUR,0.8865,0.8884,0.8811,0.8822,0,0,0,1,FX,NFX
14-Sep-2015,USDEUR,0.8821,0.8858,0.8797,0.8837,0,0,0,1,FX,NFX
15-Sep-2015,USDEUR,0.8836,0.8881,0.8827,0.8875,0,0,0,1,FX,NFX
16-Sep-2015,USDEUR,0.8871,0.8917,0.8837,0.8856,0,0,0,1,FX,NFX
17-Sep-2015,USDEUR,0.8855,0.8861,0.8741,0.8745,0,0,0,1,FX,NFX
18-Sep-2015,USDEUR,0.8748,0.8863,0.8728,0.8852,0,0,0,1,FX,NFX
21-Sep-2015,USDEUR,0.8861,0.8942,0.8827,0.8933,0,0,0,1,FX,NFX
22-Sep-2015,USDEUR,0.8939,0.8998,0.8921,0.8983,0,0,0,1,FX,NFX
23-Sep-2015,USDEUR,0.8991,0.9004,0.8919,0.8943,0,0,0,1,FX,NFX
24-Sep-2015,USDEUR,0.8941,0.8956,0.8854,0.8904,0,0,0,1,FX,NFX
25-Sep-2015,USDEUR,0.8902,0.8993,0.8902,0.8931,0,0,0,1,FX,NFX
28-Sep-2015,USDEUR,0.894,0.8967,0.8891,0.8893,0,0,0,1,FX,NFX
29-Sep-2015,USDEUR,0.8892,0.8932,0.8865,0.8887,0,0,0,1,FX,NFX
30-Sep-2015,USDEUR,0.8891,0.8962,0.888,0.8945,0,0,0,1,FX,NFX
01-Oct-2015,USDEUR,0.8947,0.8978,0.8921,0.8937,0,0,0,1,FX,NFX
02-Oct-2015,USDEUR,0.8932,0.8966,0.8837,0.892,0,0,0,1,FX,NFX
05-Oct-2015,USDEUR,0.8916,0.895,0.8858,0.8938,0,0,0,1,FX,NFX
06-Oct-2015,USDEUR,0.8939,0.895,0.8865,0.8873,0,0,0,1,FX,NFX
07-Oct-2015,USDEUR,0.8873,0.8918,0.8863,0.8899,0,0,0,1,FX,NFX
08-Oct-2015,USDEUR,0.8898,0.8901,0.8831,0.8869,0,0,0,1,FX,NFX
09-Oct-2015,USDEUR,0.8866,0.8875,0.8781,0.8802,0,0,0,1,FX,NFX
12-Oct-2015,USDEUR,0.8792,0.8805,0.8775,0.8802,0,0,0,1,FX,NFX
13-Oct-2015,USDEUR,0.8804,0.8806,0.8764,0.8787,0,0,0,1,FX,NFX
14-Oct-2015,USDEUR,0.8787,0.879,0.8703,0.8714,0,0,0,1,FX,NFX
15-Oct-2015,USDEUR,0.8716,0.88,0.8698,0.8789,0,0,0,1,FX,NFX
16-Oct-2015,USDEUR,0.8779,0.882,0.8777,0.881,0,0,0,1,FX,NFX
19-Oct-2015,USDEUR,0.88,0.8842,0.8787,0.883,0,0,0,1,FX,NFX
20-Oct-2015,USDEUR,0.8827,0.883,0.8782,0.8815,0,0,0,1,FX,NFX
21-Oct-2015,USDEUR,0.8815,0.8821,0.8789,0.882,0,0,0,1,FX,NFX
22-Oct-2015,USDEUR,0.8821,0.9005,0.881,0.9,0,0,0,1,FX,NFX
23-Oct-2015,USDEUR,0.9002,0.9093,0.8977,0.9078,0,0,0,1,FX,NFX
26-Oct-2015,USDEUR,0.9088,0.9088,0.9034,0.9042,0,0,0,1,FX,NFX
27-Oct-2015,USDEUR,0.9043,0.9065,0.9027,0.9056,0,0,0,1,FX,NFX
28-Oct-2015,USDEUR,0.9049,0.9175,0.9016,0.9154,0,0,0,1,FX,NFX
29-Oct-2015,USDEUR,0.9153,0.9167,0.9105,0.9108,0,0,0,1,FX,NFX
30-Oct-2015,USDEUR,0.9109,0.9118,0.9032,0.9088,0,0,0,1,FX,NFX
02-Nov-2015,USDEUR,0.9069,0.9088,0.9048,0.9079,0,0,0,1,FX,NFX
03-Nov-2015,USDEUR,0.9077,0.9143,0.9063,0.9118,0,0,0,1,FX,NFX
04-Nov-2015,USDEUR,0.9123,0.922,0.9117,0.9204,0,0,0,1,FX,NFX
05-Nov-2015,USDEUR,0.9203,0.9229,0.9181,0.919,0,0,0,1,FX,NFX
06-Nov-2015,USDEUR,0.9183,0.9335,0.918,0.9307,0,0,0,1,FX,NFX
09-Nov-2015,USDEUR,0.9315,0.9328,0.9268,0.9303,0,0,0,1,FX,NFX
10-Nov-2015,USDEUR,0.9302,0.9367,0.9291,0.9325,0,0,0,1,FX,NFX
11-Nov-2015,USDEUR,0.9324,0.934,0.9283,0.9311,0,0,0,1,FX,NFX
12-Nov-2015,USDEUR,0.9305,0.9348,0.924,0.9247,0,0,0,1,FX,NFX
13-Nov-2015,USDEUR,0.9248,0.9334,0.9241,0.9289,0,0,0,1,FX,NFX
16-Nov-2015,USDEUR,0.9313,0.9367,0.9298,0.9356,0,0,0,1,FX,NFX
17-Nov-2015,USDEUR,0.9359,0.9406,0.9355,0.9396,0,0,0,1,FX,NFX
18-Nov-2015,USDEUR,0.9395,0.9412,0.9354,0.9383,0,0,0,1,FX,NFX
19-Nov-2015,USDEUR,0.938,0.9385,0.9291,0.9316,0,0,0,1,FX,NFX
20-Nov-2015,USDEUR,0.9318,0.9399,0.9311,0.9392,0,0,0,1,FX,NFX
23-Nov-2015,USDEUR,0.9399,0.9435,0.9386,0.9403,0,0,0,1,FX,NFX
24-Nov-2015,USDEUR,0.9404,0.9415,0.9371,0.9395,0,0,0,1,FX,NFX
25-Nov-2015,USDEUR,0.9396,0.9456,0.9356,0.9414,0,0,0,1,FX,NFX
26-Nov-2015,USDEUR,0.941,0.9434,0.9409,0.9425,0,0,0,1,FX,NFX
27-Nov-2015,USDEUR,0.9425,0.9462,0.9402,0.944,0,0,0,1,FX,NFX
30-Nov-2015,USDEUR,0.9443,0.9471,0.9437,0.9466,0,0,0,1,FX,NFX
01-Dec-2015,USDEUR,0.9465,0.9466,0.9399,0.9404,0,0,0,1,FX,NFX
02-Dec-2015,USDEUR,0.9404,0.9471,0.9402,0.9421,0,0,0,1,FX,NFX
03-Dec-2015,USDEUR,0.941,0.9486,0.9108,0.9139,0,0,0,1,FX,NFX
04-Dec-2015,USDEUR,0.9141,0.9226,0.9128,0.9197,0,0,0,1,FX,NFX
07-Dec-2015,USDEUR,0.9198,0.9262,0.9185,0.9225,0,0,0,1,FX,NFX
08-Dec-2015,USDEUR,0.9226,0.9234,0.9173,0.9181,0,0,0,1,FX,NFX
09-Dec-2015,USDEUR,0.9182,0.919,0.9057,0.9069,0,0,0,1,FX,NFX
10-Dec-2015,USDEUR,0.9076,0.9152,0.9068,0.9141,0,0,0,1,FX,NFX
11-Dec-2015,USDEUR,0.9141,0.9152,0.9066,0.9097,0,0,0,1,FX,NFX
14-Dec-2015,USDEUR,0.9103,0.9135,0.9049,0.9097,0,0,0,1,FX,NFX
15-Dec-2015,USDEUR,0.9098,0.917,0.9042,0.9152,0,0,0,1,FX,NFX
16-Dec-2015,USDEUR,0.9152,0.9181,0.9086,0.9168,0,0,0,1,FX,NFX
17-Dec-2015,USDEUR,0.9164,0.9256,0.9162,0.9237,0,0,0,1,FX,NFX
18-Dec-2015,USDEUR,0.9235,0.9254,0.9197,0.9204,0,0,0,1,FX,NFX
21-Dec-2015,USDEUR,0.9219,0.9219,0.9143,0.9163,0,0,0,1,FX,NFX
22-Dec-2015,USDEUR,0.9161,0.9172,0.9104,0.9128,0,0,0,1,FX,NFX
23-Dec-2015,USDEUR,0.9127,0.9199,0.9126,0.9163,0,0,0,1,FX,NFX
24-Dec-2015,USDEUR,0.9163,0.917,0.9113,0.9122,0,0,0,1,FX,NFX
25-Dec-2015,USDEUR,0.912,0.9146,0.9107,0.9111,0,0,0,1,FX,NFX
28-Dec-2015,USDEUR,0.9132,0.9135,0.9098,0.9117,0,0,0,1,FX,NFX
29-Dec-2015,USDEUR,0.9118,0.9173,0.9098,0.9159,0,0,0,1,FX,NFX
30-Dec-2015,USDEUR,0.9153,0.9172,0.9139,0.9148,0,0,0,1,FX,NFX
31-Dec-2015,USDEUR,0.9142,0.9214,0.9142,0.9214,0,0,0,1,FX,NFX
01-Jan-2016,USDEUR,0.9203,0.922,0.9195,0.9206,0,0,0,1,FX,NFX
04-Jan-2016,USDEUR,0.9201,0.9274,0.9138,0.9233,0,0,0,1,FX,NFX
05-Jan-2016,USDEUR,0.923,0.9336,0.9226,0.9301,0,0,0,1,FX,NFX
06-Jan-2016,USDEUR,0.9304,0.9328,0.9262,0.9275,0,0,0,1,FX,NFX
07-Jan-2016,USDEUR,0.9275,0.9283,0.9142,0.915,0,0,0,1,FX,NFX
08-Jan-2016,USDEUR,0.9147,0.9244,0.9146,0.9153,0,0,0,1,FX,NFX
11-Jan-2016,USDEUR,0.916,0.9217,0.9118,0.9209,0,0,0,1,FX,NFX
12-Jan-2016,USDEUR,0.9204,0.9241,0.9174,0.9209,0,0,0,1,FX,NFX
13-Jan-2016,USDEUR,0.9205,0.9255,0.9185,0.9195,0,0,0,1,FX,NFX
14-Jan-2016,USDEUR,0.9194,0.9228,0.9137,0.9204,0,0,0,1,FX,NFX
15-Jan-2016,USDEUR,0.9204,0.9213,0.9106,0.9161,0,0,0,1,FX,NFX
18-Jan-2016,USDEUR,0.9149,0.9198,0.9145,0.9179,0,0,0,1,FX,NFX
19-Jan-2016,USDEUR,0.9181,0.9207,0.9143,0.9167,0,0,0,1,FX,NFX
20-Jan-2016,USDEUR,0.9169,0.9193,0.9113,0.9181,0,0,0,1,FX,NFX
21-Jan-2016,USDEUR,0.9182,0.9275,0.9157,0.9195,0,0,0,1,FX,NFX
22-Jan-2016,USDEUR,0.9197,0.9268,0.9193,0.926,0,0,0,1,FX,NFX
25-Jan-2016,USDEUR,0.9268,0.9268,0.9209,0.9217,0,0,0,1,FX,NFX
26-Jan-2016,USDEUR,0.9217,0.9243,0.9195,0.9201,0,0,0,1,FX,NFX
27-Jan-2016,USDEUR,0.9195,0.9215,0.9163,0.9181,0,0,0,1,FX,NFX
28-Jan-2016,USDEUR,0.9182,0.92,0.9119,0.9141,0,0,0,1,FX,NFX
29-Jan-2016,USDEUR,0.9141,0.9249,0.9133,0.9232,0,0,0,1,FX,NFX
01-Feb-2016,USDEUR,0.9228,0.9246,0.9165,0.9183,0,0,0,1,FX,NFX
02-Feb-2016,USDEUR,0.9184,0.9185,0.9142,0.9162,0,0,0,1,FX,NFX
03-Feb-2016,USDEUR,0.9158,0.917,0.8972,0.9002,0,0,0,1,FX,NFX
04-Feb-2016,USDEUR,0.9002,0.9032,0.8904,0.8919,0,0,0,1,FX,NFX
05-Feb-2016,USDEUR,0.8922,0.9002,0.8916,0.8961,0,0,0,1,FX,NFX
08-Feb-2016,USDEUR,0.8977,0.902,0.8918,0.8932,0,0,0,1,FX,NFX
09-Feb-2016,USDEUR,0.8935,0.8958,0.8821,0.8856,0,0,0,1,FX,NFX
10-Feb-2016,USDEUR,0.8856,0.8953,0.8841,0.8855,0,0,0,1,FX,NFX
11-Feb-2016,USDEUR,0.8857,0.8869,0.8791,0.8831,0,0,0,1,FX,NFX
12-Feb-2016,USDEUR,0.8831,0.8915,0.8824,0.8886,0,0,0,1,FX,NFX
15-Feb-2016,USDEUR,0.8896,0.8985,0.8891,0.8965,0,0,0,1,FX,NFX
16-Feb-2016,USDEUR,0.8965,0.8988,0.8936,0.8972,0,0,0,1,FX,NFX
17-Feb-2016,USDEUR,0.8975,0.9003,0.8945,0.8986,0,0,0,1,FX,NFX
18-Feb-2016,USDEUR,0.8986,0.9032,0.897,0.9004,0,0,0,1,FX,NFX
19-Feb-2016,USDEUR,0.9002,0.9034,0.898,0.8984,0,0,0,1,FX,NFX
22-Feb-2016,USDEUR,0.8999,0.9086,0.899,0.9066,0,0,0,1,FX,NFX
23-Feb-2016,USDEUR,0.9065,0.9099,0.9049,0.9077,0,0,0,1,FX,NFX
24-Feb-2016,USDEUR,0.9073,0.9124,0.9054,0.908,0,0,0,1,FX,NFX
25-Feb-2016,USDEUR,0.9079,0.9099,0.9051,0.9074,0,0,0,1,FX,NFX
26-Feb-2016,USDEUR,0.9077,0.9163,0.9036,0.915,0,0,0,1,FX,NFX
29-Feb-2016,USDEUR,0.9161,0.9207,0.9123,0.9197,0,0,0,1,FX,NFX
01-Mar-2016,USDEUR,0.9199,0.9228,0.9179,0.9202,0,0,0,1,FX,NFX
02-Mar-2016,USDEUR,0.9201,0.9239,0.9192,0.9201,0,0,0,1,FX,NFX
03-Mar-2016,USDEUR,0.9201,0.9214,0.9118,0.9127,0,0,0,1,FX,NFX
04-Mar-2016,USDEUR,0.9128,0.9168,0.9059,0.9083,0,0,0,1,FX,NFX
07-Mar-2016,USDEUR,0.91,0.9141,0.9071,0.908,0,0,0,1,FX,NFX
08-Mar-2016,USDEUR,0.9079,0.9096,0.9046,0.9083,0,0,0,1,FX,NFX
09-Mar-2016,USDEUR,0.9084,0.9135,0.9063,0.9091,0,0,0,1,FX,NFX
10-Mar-2016,USDEUR,0.9092,0.9238,0.8916,0.8944,0,0,0,1,FX,NFX
11-Mar-2016,USDEUR,0.8947,0.9024,0.8921,0.8968,0,0,0,1,FX,NFX
14-Mar-2016,USDEUR,0.8972,0.9025,0.8948,0.9006,0,0,0,1,FX,NFX
15-Mar-2016,USDEUR,0.9006,0.9029,0.8992,0.9001,0,0,0,1,FX,NFX
16-Mar-2016,USDEUR,0.9005,0.9042,0.8899,0.8908,0,0,0,1,FX,NFX
17-Mar-2016,USDEUR,0.8919,0.8923,0.8818,0.8836,0,0,0,1,FX,NFX
18-Mar-2016,USDEUR,0.8838,0.8882,0.8821,0.8872,0,0,0,1,FX,NFX
21-Mar-2016,USDEUR,0.888,0.8901,0.8861,0.8897,0,0,0,1,FX,NFX
22-Mar-2016,USDEUR,0.8895,0.8936,0.888,0.8915,0,0,0,1,FX,NFX
23-Mar-2016,USDEUR,0.8917,0.8961,0.891,0.8942,0,0,0,1,FX,NFX
24-Mar-2016,USDEUR,0.8942,0.897,0.894,0.8947,0,0,0,1,FX,NFX
25-Mar-2016,USDEUR,0.895,0.8964,0.8942,0.8952,0,0,0,1,FX,NFX
28-Mar-2016,USDEUR,0.8958,0.8965,0.8913,0.8931,0,0,0,1,FX,NFX
29-Mar-2016,USDEUR,0.8932,0.8952,0.8845,0.8856,0,0,0,1,FX,NFX
30-Mar-2016,USDEUR,0.8856,0.8861,0.88,0.8821,0,0,0,1,FX,NFX
31-Mar-2016,USDEUR,0.8821,0.8841,0.8763,0.8787,0,0,0,1,FX,NFX
01-Apr-2016,USDEUR,0.8786,0.8818,0.8745,0.8777,0,0,0,1,FX,NFX
04-Apr-2016,USDEUR,0.8777,0.8803,0.8761,0.8779,0,0,0,1,FX,NFX
05-Apr-2016,USDEUR,0.8777,0.8821,0.8769,0.8784,0,0,0,1,FX,NFX
06-Apr-2016,USDEUR,0.8784,0.8825,0.8748,0.8774,0,0,0,1,FX,NFX
07-Apr-2016,USDEUR,0.8776,0.882,0.8733,0.8787,0,0,0,1,FX,NFX
08-Apr-2016,USDEUR,0.8794,0.881,0.8757,0.8776,0,0,0,1,FX,NFX
11-Apr-2016,USDEUR,0.8759,0.8791,0.8737,0.8765,0,0,0,1,FX,NFX
12-Apr-2016,USDEUR,0.8767,0.8811,0.8724,0.8782,0,0,0,1,FX,NFX
13-Apr-2016,USDEUR,0.8782,0.8872,0.8779,0.8869,0,0,0,1,FX,NFX
14-Apr-2016,USDEUR,0.8871,0.8901,0.8854,0.8878,0,0,0,1,FX,NFX
15-Apr-2016,USDEUR,0.8875,0.8891,0.8839,0.8862,0,0,0,1,FX,NFX
18-Apr-2016,USDEUR,0.8844,0.8869,0.8824,0.8839,0,0,0,1,FX,NFX
19-Apr-2016,USDEUR,0.8831,0.8846,0.8782,0.8805,0,0,0,1,FX,NFX
20-Apr-2016,USDEUR,0.8804,0.8857,0.8783,0.8851,0,0,0,1,FX,NFX
21-Apr-2016,USDEUR,0.8852,0.8869,0.8782,0.886,0,0,0,1,FX,NFX
22-Apr-2016,USDEUR,0.8859,0.8913,0.8841,0.8908,0,0,0,1,FX,NFX
25-Apr-2016,USDEUR,0.8912,0.8916,0.8863,0.8877,0,0,0,1,FX,NFX
26-Apr-2016,USDEUR,0.8876,0.8883,0.882,0.885,0,0,0,1,FX,NFX
27-Apr-2016,USDEUR,0.8851,0.8866,0.8819,0.8832,0,0,0,1,FX,NFX
28-Apr-2016,USDEUR,0.883,0.8851,0.8797,0.8806,0,0,0,1,FX,NFX
29-Apr-2016,USDEUR,0.8806,0.881,0.8726,0.8733,0,0,0,1,FX,NFX
02-May-2016,USDEUR,0.8725,0.8734,0.8668,0.8669,0,0,0,1,FX,NFX
03-May-2016,USDEUR,0.867,0.8694,0.8609,0.8694,0,0,0,1,FX,NFX
04-May-2016,USDEUR,0.8696,0.872,0.8678,0.8706,0,0,0,1,FX,NFX
05-May-2016,USDEUR,0.8703,0.878,0.87,0.8769,0,0,0,1,FX,NFX
06-May-2016,USDEUR,0.8769,0.8781,0.8722,0.877,0,0,0,1,FX,NFX
09-May-2016,USDEUR,0.8774,0.879,0.8756,0.8785,0,0,0,1,FX,NFX
10-May-2016,USDEUR,0.8787,0.8802,0.8766,0.8792,0,0,0,1,FX,NFX
11-May-2016,USDEUR,0.8792,0.8796,0.8735,0.8751,0,0,0,1,FX,NFX
12-May-2016,USDEUR,0.8752,0.8795,0.8749,0.879,0,0,0,1,FX,NFX
13-May-2016,USDEUR,0.8789,0.8861,0.8785,0.8844,0,0,0,1,FX,NFX
16-May-2016,USDEUR,0.8841,0.8847,0.8817,0.8835,0,0,0,1,FX,NFX
17-May-2016,USDEUR,0.8832,0.8847,0.8815,0.884,0,0,0,1,FX,NFX
18-May-2016,USDEUR,0.8836,0.8917,0.8836,0.8915,0,0,0,1,FX,NFX
19-May-2016,USDEUR,0.8915,0.8944,0.8904,0.8926,0,0,0,1,FX,NFX
20-May-2016,USDEUR,0.8921,0.8931,0.89,0.8911,0,0,0,1,FX,NFX
23-May-2016,USDEUR,0.8923,0.8938,0.8896,0.8912,0,0,0,1,FX,NFX
24-May-2016,USDEUR,0.8912,0.8982,0.8908,0.8976,0,0,0,1,FX,NFX
25-May-2016,USDEUR,0.8976,0.8984,0.8955,0.8964,0,0,0,1,FX,NFX
26-May-2016,USDEUR,0.8965,0.8968,0.8918,0.8933,0,0,0,1,FX,NFX
27-May-2016,USDEUR,0.8932,0.9,0.8928,0.8999,0,0,0,1,FX,NFX
30-May-2016,USDEUR,0.8998,0.9011,0.8972,0.8979,0,0,0,1,FX,NFX
31-May-2016,USDEUR,0.8978,0.8991,0.8948,0.8983,0,0,0,1,FX,NFX
01-Jun-2016,USDEUR,0.8982,0.8997,0.8932,0.894,0,0,0,1,FX,NFX
02-Jun-2016,USDEUR,0.8936,0.8971,0.8913,0.8966,0,0,0,1,FX,NFX
03-Jun-2016,USDEUR,0.8966,0.8979,0.8792,0.8796,0,0,0,1,FX,NFX
06-Jun-2016,USDEUR,0.8806,0.8825,0.878,0.8805,0,0,0,1,FX,NFX
07-Jun-2016,USDEUR,0.881,0.8819,0.8789,0.8804,0,0,0,1,FX,NFX
08-Jun-2016,USDEUR,0.8804,0.8807,0.8764,0.8778,0,0,0,1,FX,NFX
09-Jun-2016,USDEUR,0.8776,0.8844,0.8759,0.8837,0,0,0,1,FX,NFX
10-Jun-2016,USDEUR,0.8837,0.8891,0.8834,0.8888,0,0,0,1,FX,NFX
13-Jun-2016,USDEUR,0.8886,0.8901,0.8847,0.8858,0,0,0,1,FX,NFX
14-Jun-2016,USDEUR,0.8861,0.8937,0.885,0.8923,0,0,0,1,FX,NFX
15-Jun-2016,USDEUR,0.8923,0.8937,0.8855,0.8881,0,0,0,1,FX,NFX
16-Jun-2016,USDEUR,0.8881,0.8983,0.8854,0.8908,0,0,0,1,FX,NFX
17-Jun-2016,USDEUR,0.8907,0.891,0.8855,0.8869,0,0,0,1,FX,NFX
20-Jun-2016,USDEUR,0.8823,0.8847,0.8785,0.884,0,0,0,1,FX,NFX
21-Jun-2016,USDEUR,0.8836,0.8893,0.881,0.8886,0,0,0,1,FX,NFX
22-Jun-2016,USDEUR,0.8892,0.8899,0.8823,0.8851,0,0,0,1,FX,NFX
23-Jun-2016,USDEUR,0.8851,0.8851,0.8758,0.8782,0,0,0,1,FX,NFX
24-Jun-2016,USDEUR,0.8791,0.9163,0.875,0.9006,0,0,0,1,FX,NFX
27-Jun-2016,USDEUR,0.9086,0.9113,0.9023,0.9073,0,0,0,1,FX,NFX
28-Jun-2016,USDEUR,0.9072,0.9083,0.9003,0.9039,0,0,0,1,FX,NFX
29-Jun-2016,USDEUR,0.9036,0.9062,0.8983,0.899,0,0,0,1,FX,NFX
30-Jun-2016,USDEUR,0.899,0.9064,0.8965,0.9006,0,0,0,1,FX,NFX
01-Jul-2016,USDEUR,0.9002,0.9032,0.8955,0.8977,0,0,0,1,FX,NFX
04-Jul-2016,USDEUR,0.8982,0.9011,0.896,0.8967,0,0,0,1,FX,NFX
05-Jul-2016,USDEUR,0.8967,0.904,0.8947,0.9028,0,0,0,1,FX,NFX
06-Jul-2016,USDEUR,0.9032,0.9061,0.8996,0.9008,0,0,0,1,FX,NFX
07-Jul-2016,USDEUR,0.9011,0.9047,0.9001,0.9041,0,0,0,1,FX,NFX
08-Jul-2016,USDEUR,0.9042,0.9079,0.9011,0.9047,0,0,0,1,FX,NFX
11-Jul-2016,USDEUR,0.9049,0.9077,0.9032,0.9043,0,0,0,1,FX,NFX
12-Jul-2016,USDEUR,0.9042,0.9047,0.8991,0.904,0,0,0,1,FX,NFX
13-Jul-2016,USDEUR,0.9042,0.9054,0.8992,0.9018,0,0,0,1,FX,NFX
14-Jul-2016,USDEUR,0.902,0.902,0.8958,0.8997,0,0,0,1,FX,NFX
15-Jul-2016,USDEUR,0.8993,0.9067,0.897,0.9066,0,0,0,1,FX,NFX
18-Jul-2016,USDEUR,0.9048,0.906,0.9022,0.9029,0,0,0,1,FX,NFX
19-Jul-2016,USDEUR,0.9028,0.9089,0.9023,0.9073,0,0,0,1,FX,NFX
20-Jul-2016,USDEUR,0.9073,0.9105,0.9072,0.9077,0,0,0,1,FX,NFX
21-Jul-2016,USDEUR,0.9084,0.9104,0.9047,0.9069,0,0,0,1,FX,NFX
22-Jul-2016,USDEUR,0.9071,0.9127,0.906,0.9114,0,0,0,1,FX,NFX
25-Jul-2016,USDEUR,0.9112,0.913,0.9094,0.9096,0,0,0,1,FX,NFX
26-Jul-2016,USDEUR,0.9094,0.9107,0.9072,0.9104,0,0,0,1,FX,NFX
27-Jul-2016,USDEUR,0.9103,0.9121,0.904,0.9041,0,0,0,1,FX,NFX
28-Jul-2016,USDEUR,0.9038,0.9047,0.8996,0.9028,0,0,0,1,FX,NFX
29-Jul-2016,USDEUR,0.9029,0.9031,0.8932,0.8947,0,0,0,1,FX,NFX
01-Aug-2016,USDEUR,0.8953,0.8963,0.8941,0.8959,0,0,0,1,FX,NFX
02-Aug-2016,USDEUR,0.8961,0.8961,0.8901,0.891,0,0,0,1,FX,NFX
03-Aug-2016,USDEUR,0.8911,0.8976,0.8904,0.8968,0,0,0,1,FX,NFX
04-Aug-2016,USDEUR,0.8968,0.8996,0.8962,0.8985,0,0,0,1,FX,NFX
05-Aug-2016,USDEUR,0.899,0.9051,0.896,0.9021,0,0,0,1,FX,NFX
08-Aug-2016,USDEUR,0.9019,0.9032,0.9003,0.902,0,0,0,1,FX,NFX
09-Aug-2016,USDEUR,0.902,0.9032,0.8992,0.8995,0,0,0,1,FX,NFX
10-Aug-2016,USDEUR,0.8995,0.9,0.8937,0.8947,0,0,0,1,FX,NFX
11-Aug-2016,USDEUR,0.8946,0.8981,0.8935,0.8981,0,0,0,1,FX,NFX
12-Aug-2016,USDEUR,0.8978,0.8983,0.8912,0.8957,0,0,0,1,FX,NFX
15-Aug-2016,USDEUR,0.8957,0.8964,0.8926,0.8942,0,0,0,1,FX,NFX
16-Aug-2016,USDEUR,0.8941,0.8946,0.8832,0.8866,0,0,0,1,FX,NFX
17-Aug-2016,USDEUR,0.8867,0.8891,0.8839,0.8856,0,0,0,1,FX,NFX
18-Aug-2016,USDEUR,0.8856,0.8862,0.8797,0.8807,0,0,0,1,FX,NFX
19-Aug-2016,USDEUR,0.8806,0.8845,0.8803,0.8831,0,0,0,1,FX,NFX
22-Aug-2016,USDEUR,0.8842,0.8871,0.8826,0.8832,0,0,0,1,FX,NFX
23-Aug-2016,USDEUR,0.8836,0.8846,0.8807,0.8844,0,0,0,1,FX,NFX
24-Aug-2016,USDEUR,0.8845,0.8892,0.8841,0.8876,0,0,0,1,FX,NFX
25-Aug-2016,USDEUR,0.8877,0.8881,0.8851,0.8861,0,0,0,1,FX,NFX
26-Aug-2016,USDEUR,0.8861,0.8942,0.8821,0.8933,0,0,0,1,FX,NFX
29-Aug-2016,USDEUR,0.8941,0.8961,0.8921,0.8938,0,0,0,1,FX,NFX
30-Aug-2016,USDEUR,0.8937,0.8983,0.8931,0.8975,0,0,0,1,FX,NFX
31-Aug-2016,USDEUR,0.8975,0.899,0.8956,0.8962,0,0,0,1,FX,NFX
01-Sep-2016,USDEUR,0.8961,0.8986,0.8923,0.8931,0,0,0,1,FX,NFX
02-Sep-2016,USDEUR,0.8935,0.8967,0.8901,0.8964,0,0,0,1,FX,NFX
05-Sep-2016,USDEUR,0.8965,0.8976,0.8942,0.897,0,0,0,1,FX,NFX
06-Sep-2016,USDEUR,0.8971,0.8976,0.888,0.8883,0,0,0,1,FX,NFX
07-Sep-2016,USDEUR,0.8882,0.8904,0.8875,0.8898,0,0,0,1,FX,NFX
08-Sep-2016,USDEUR,0.8899,0.89,0.8831,0.8881,0,0,0,1,FX,NFX
09-Sep-2016,USDEUR,0.888,0.8926,0.8861,0.8902,0,0,0,1,FX,NFX
12-Sep-2016,USDEUR,0.89,0.8919,0.8881,0.8901,0,0,0,1,FX,NFX
13-Sep-2016,USDEUR,0.89,0.8925,0.8883,0.8912,0,0,0,1,FX,NFX
14-Sep-2016,USDEUR,0.8912,0.892,0.8871,0.889,0,0,0,1,FX,NFX
15-Sep-2016,USDEUR,0.8886,0.8912,0.887,0.8893,0,0,0,1,FX,NFX
16-Sep-2016,USDEUR,0.8892,0.8968,0.8886,0.8963,0,0,0,1,FX,NFX
19-Sep-2016,USDEUR,0.8964,0.8967,0.8931,0.895,0,0,0,1,FX,NFX
20-Sep-2016,USDEUR,0.8946,0.8968,0.8921,0.8968,0,0,0,1,FX,NFX
21-Sep-2016,USDEUR,0.8967,0.8991,0.8933,0.8936,0,0,0,1,FX,NFX
22-Sep-2016,USDEUR,0.8937,0.8941,0.8884,0.8922,0,0,0,1,FX,NFX
23-Sep-2016,USDEUR,0.8915,0.8933,0.8897,0.8906,0,0,0,1,FX,NFX
26-Sep-2016,USDEUR,0.8905,0.8911,0.8867,0.8886,0,0,0,1,FX,NFX
27-Sep-2016,USDEUR,0.8887,0.8935,0.8882,0.8915,0,0,0,1,FX,NFX
28-Sep-2016,USDEUR,0.8916,0.8942,0.89,0.8916,0,0,0,1,FX,NFX
29-Sep-2016,USDEUR,0.8915,0.8931,0.889,0.8911,0,0,0,1,FX,NFX
30-Sep-2016,USDEUR,0.8911,0.8965,0.8891,0.8895,0,0,0,1,FX,NFX
03-Oct-2016,USDEUR,0.8908,0.8923,0.8893,0.8921,0,0,0,1,FX,NFX
04-Oct-2016,USDEUR,0.8918,0.8978,0.8899,0.8925,0,0,0,1,FX,NFX
05-Oct-2016,USDEUR,0.8927,0.8937,0.8902,0.8923,0,0,0,1,FX,NFX
06-Oct-2016,USDEUR,0.8925,0.8977,0.8919,0.8965,0,0,0,1,FX,NFX
07-Oct-2016,USDEUR,0.897,0.9044,0.8921,0.893,0,0,0,1,FX,NFX
10-Oct-2016,USDEUR,0.8937,0.8983,0.8927,0.8979,0,0,0,1,FX,NFX
11-Oct-2016,USDEUR,0.898,0.9051,0.8972,0.9046,0,0,0,1,FX,NFX
12-Oct-2016,USDEUR,0.9046,0.9086,0.9036,0.9085,0,0,0,1,FX,NFX
13-Oct-2016,USDEUR,0.9087,0.9103,0.9043,0.9044,0,0,0,1,FX,NFX
14-Oct-2016,USDEUR,0.9043,0.9116,0.9043,0.9114,0,0,0,1,FX,NFX
17-Oct-2016,USDEUR,0.9116,0.9121,0.9083,0.9091,0,0,0,1,FX,NFX
18-Oct-2016,USDEUR,0.9083,0.9116,0.9069,0.9107,0,0,0,1,FX,NFX
19-Oct-2016,USDEUR,0.9107,0.9127,0.9087,0.9113,0,0,0,1,FX,NFX
20-Oct-2016,USDEUR,0.9109,0.9161,0.9063,0.9152,0,0,0,1,FX,NFX
21-Oct-2016,USDEUR,0.9141,0.9208,0.9141,0.9189,0,0,0,1,FX,NFX
24-Oct-2016,USDEUR,0.919,0.9208,0.9174,0.9192,0,0,0,1,FX,NFX
25-Oct-2016,USDEUR,0.9189,0.9215,0.9168,0.9184,0,0,0,1,FX,NFX
26-Oct-2016,USDEUR,0.9184,0.9195,0.9138,0.9168,0,0,0,1,FX,NFX
27-Oct-2016,USDEUR,0.9167,0.9187,0.9141,0.9179,0,0,0,1,FX,NFX
28-Oct-2016,USDEUR,0.9179,0.9181,0.9099,0.9103,0,0,0,1,FX,NFX
31-Oct-2016,USDEUR,0.9093,0.9143,0.9093,0.9107,0,0,0,1,FX,NFX
01-Nov-2016,USDEUR,0.9111,0.9124,0.9033,0.9044,0,0,0,1,FX,NFX
02-Nov-2016,USDEUR,0.9044,0.9049,0.8991,0.9011,0,0,0,1,FX,NFX
03-Nov-2016,USDEUR,0.9011,0.9041,0.8988,0.9003,0,0,0,1,FX,NFX
04-Nov-2016,USDEUR,0.8997,0.9024,0.8977,0.8978,0,0,0,1,FX,NFX
07-Nov-2016,USDEUR,0.9054,0.906,0.9052,0.9057,0,0,0,1,FX,NFX
08-Nov-2016,USDEUR,0.9074,0.9081,0.9068,0.9071,0,0,0,1,FX,NFX
09-Nov-2016,USDEUR,0.9166,0.9167,0.9161,0.9166,0,0,0,1,FX,NFX
10-Nov-2016,USDEUR,0.9187,0.9187,0.9177,0.918,0,0,0,1,FX,NFX
11-Nov-2016,USDEUR,0.922,0.922,0.9207,0.9214,0,0,0,1,FX,NFX
14-Nov-2016,USDEUR,0.9234,0.9338,0.9223,0.9311,0,0,0,1,FX,NFX
15-Nov-2016,USDEUR,0.9311,0.9333,0.9245,0.9326,0,0,0,1,FX,NFX
16-Nov-2016,USDEUR,0.9324,0.9375,0.9294,0.9356,0,0,0,1,FX,NFX
17-Nov-2016,USDEUR,0.9354,0.9415,0.9307,0.9411,0,0,0,1,FX,NFX
18-Nov-2016,USDEUR,0.9408,0.946,0.9396,0.9446,0,0,0,1,FX,NFX
21-Nov-2016,USDEUR,0.9436,0.9451,0.939,0.9409,0,0,0,1,FX,NFX
22-Nov-2016,USDEUR,0.9409,0.9446,0.9384,0.9409,0,0,0,1,FX,NFX
23-Nov-2016,USDEUR,0.941,0.9498,0.9395,0.9477,0,0,0,1,FX,NFX
24-Nov-2016,USDEUR,0.9474,0.9505,0.9448,0.9476,0,0,0,1,FX,NFX
25-Nov-2016,USDEUR,0.9474,0.9488,0.9409,0.9439,0,0,0,1,FX,NFX
28-Nov-2016,USDEUR,0.9419,0.9465,0.9362,0.9422,0,0,0,1,FX,NFX
29-Nov-2016,USDEUR,0.9425,0.9463,0.9384,0.9388,0,0,0,1,FX,NFX
30-Nov-2016,USDEUR,0.939,0.9472,0.9376,0.9444,0,0,0,1,FX,NFX
01-Dec-2016,USDEUR,0.9446,0.9446,0.9375,0.9382,0,0,0,1,FX,NFX
02-Dec-2016,USDEUR,0.938,0.9409,0.9355,0.9373,0,0,0,1,FX,NFX
05-Dec-2016,USDEUR,0.9414,0.9517,0.9264,0.929,0,0,0,1,FX,NFX
06-Dec-2016,USDEUR,0.9291,0.9345,0.9273,0.9331,0,0,0,1,FX,NFX
07-Dec-2016,USDEUR,0.9329,0.9335,0.9287,0.9301,0,0,0,1,FX,NFX
08-Dec-2016,USDEUR,0.9299,0.9435,0.924,0.9419,0,0,0,1,FX,NFX
09-Dec-2016,USDEUR,0.9424,0.9495,0.9407,0.9468,0,0,0,1,FX,NFX
12-Dec-2016,USDEUR,0.9496,0.9501,0.9388,0.9402,0,0,0,1,FX,NFX
13-Dec-2016,USDEUR,0.9401,0.943,0.9376,0.9409,0,0,0,1,FX,NFX
14-Dec-2016,USDEUR,0.9414,0.9525,0.9374,0.9496,0,0,0,1,FX,NFX
15-Dec-2016,USDEUR,0.9494,0.9646,0.9486,0.9604,0,0,0,1,FX,NFX
16-Dec-2016,USDEUR,0.9602,0.9613,0.9549,0.9569,0,0,0,1,FX,NFX
19-Dec-2016,USDEUR,0.9573,0.9622,0.9543,0.9612,0,0,0,1,FX,NFX
20-Dec-2016,USDEUR,0.9618,0.9658,0.9597,0.9625,0,0,0,1,FX,NFX
21-Dec-2016,USDEUR,0.9617,0.9631,0.9568,0.9595,0,0,0,1,FX,NFX
22-Dec-2016,USDEUR,0.9591,0.9593,0.9526,0.9582,0,0,0,1,FX,NFX
23-Dec-2016,USDEUR,0.9581,0.9588,0.9555,0.9563,0,0,0,1,FX,NFX
26-Dec-2016,USDEUR,0.9572,0.9582,0.955,0.9558,0,0,0,1,FX,NFX
27-Dec-2016,USDEUR,0.9557,0.9585,0.9557,0.9563,0,0,0,1,FX,NFX
28-Dec-2016,USDEUR,0.956,0.9639,0.9542,0.9605,0,0,0,1,FX,NFX
29-Dec-2016,USDEUR,0.9601,0.9607,0.9528,0.9532,0,0,0,1,FX,NFX
30-Dec-2016,USDEUR,0.953,0.9536,0.9401,0.95,0,0,0,1,FX,NFX
02-Jan-2017,USDEUR,0.9511,0.9567,0.9489,0.9566,0,0,0,1,FX,NFX
03-Jan-2017,USDEUR,0.9567,0.9667,0.953,0.9611,0,0,0,1,FX,NFX
04-Jan-2017,USDEUR,0.9607,0.9625,0.9528,0.9532,0,0,0,1,FX,NFX
05-Jan-2017,USDEUR,0.9536,0.954,0.9423,0.9427,0,0,0,1,FX,NFX
06-Jan-2017,USDEUR,0.9435,0.9501,0.9423,0.9495,0,0,0,1,FX,NFX
09-Jan-2017,USDEUR,0.9495,0.9513,0.9449,0.9459,0,0,0,1,FX,NFX
10-Jan-2017,USDEUR,0.9457,0.9477,0.9414,0.9474,0,0,0,1,FX,NFX
11-Jan-2017,USDEUR,0.9476,0.9565,0.9415,0.9449,0,0,0,1,FX,NFX
12-Jan-2017,USDEUR,0.9446,0.9459,0.936,0.9423,0,0,0,1,FX,NFX
13-Jan-2017,USDEUR,0.9423,0.9435,0.9376,0.94,0,0,0,1,FX,NFX
16-Jan-2017,USDEUR,0.9428,0.945,0.9403,0.9432,0,0,0,1,FX,NFX
17-Jan-2017,USDEUR,0.9431,0.9437,0.933,0.9335,0,0,0,1,FX,NFX
18-Jan-2017,USDEUR,0.9335,0.9408,0.933,0.9407,0,0,0,1,FX,NFX
19-Jan-2017,USDEUR,0.9406,0.9444,0.9365,0.9377,0,0,0,1,FX,NFX
20-Jan-2017,USDEUR,0.9379,0.941,0.9339,0.9346,0,0,0,1,FX,NFX
23-Jan-2017,USDEUR,0.9338,0.9349,0.9286,0.9288,0,0,0,1,FX,NFX
24-Jan-2017,USDEUR,0.9288,0.9328,0.9283,0.9319,0,0,0,1,FX,NFX
25-Jan-2017,USDEUR,0.932,0.9335,0.9286,0.9303,0,0,0,1,FX,NFX
26-Jan-2017,USDEUR,0.9305,0.9383,0.9289,0.9364,0,0,0,1,FX,NFX
27-Jan-2017,USDEUR,0.9363,0.9381,0.9324,0.9351,0,0,0,1,FX,NFX
30-Jan-2017,USDEUR,0.9329,0.9415,0.9311,0.935,0,0,0,1,FX,NFX
31-Jan-2017,USDEUR,0.935,0.9359,0.925,0.9263,0,0,0,1,FX,NFX
01-Feb-2017,USDEUR,0.9258,0.9314,0.9254,0.9285,0,0,0,1,FX,NFX
02-Feb-2017,USDEUR,0.9284,0.9296,0.9238,0.9295,0,0,0,1,FX,NFX
03-Feb-2017,USDEUR,0.9298,0.9322,0.9262,0.9271,0,0,0,1,FX,NFX
06-Feb-2017,USDEUR,0.9269,0.934,0.9266,0.9303,0,0,0,1,FX,NFX
07-Feb-2017,USDEUR,0.9304,0.9384,0.93,0.9363,0,0,0,1,FX,NFX
08-Feb-2017,USDEUR,0.9365,0.9397,0.9335,0.9349,0,0,0,1,FX,NFX
09-Feb-2017,USDEUR,0.9346,0.9388,0.9335,0.9385,0,0,0,1,FX,NFX
10-Feb-2017,USDEUR,0.9382,0.9425,0.9373,0.9401,0,0,0,1,FX,NFX
13-Feb-2017,USDEUR,0.9411,0.9441,0.938,0.9436,0,0,0,1,FX,NFX
14-Feb-2017,USDEUR,0.9437,0.9468,0.9405,0.9452,0,0,0,1,FX,NFX
15-Feb-2017,USDEUR,0.9456,0.9504,0.9427,0.9435,0,0,0,1,FX,NFX
16-Feb-2017,USDEUR,0.9434,0.9442,0.9365,0.9367,0,0,0,1,FX,NFX
17-Feb-2017,USDEUR,0.9369,0.9428,0.9363,0.9426,0,0,0,1,FX,NFX
20-Feb-2017,USDEUR,0.9425,0.943,0.9404,0.9423,0,0,0,1,FX,NFX
21-Feb-2017,USDEUR,0.9422,0.9501,0.9417,0.9492,0,0,0,1,FX,NFX
22-Feb-2017,USDEUR,0.9487,0.9528,0.9456,0.9471,0,0,0,1,FX,NFX
23-Feb-2017,USDEUR,0.9474,0.9489,0.9439,0.9452,0,0,0,1,FX,NFX
24-Feb-2017,USDEUR,0.9452,0.9472,0.9419,0.9472,0,0,0,1,FX,NFX
27-Feb-2017,USDEUR,0.9466,0.9477,0.9407,0.9445,0,0,0,1,FX,NFX
28-Feb-2017,USDEUR,0.9446,0.9459,0.9408,0.9455,0,0,0,1,FX,NFX
01-Mar-2017,USDEUR,0.9446,0.951,0.9428,0.9484,0,0,0,1,FX,NFX
02-Mar-2017,USDEUR,0.9484,0.9527,0.9474,0.9517,0,0,0,1,FX,NFX
03-Mar-2017,USDEUR,0.9516,0.9522,0.9414,0.9415,0,0,0,1,FX,NFX
06-Mar-2017,USDEUR,0.9425,0.9456,0.9401,0.945,0,0,0,1,FX,NFX
07-Mar-2017,USDEUR,0.945,0.9469,0.9432,0.9465,0,0,0,1,FX,NFX
08-Mar-2017,USDEUR,0.9463,0.9491,0.9456,0.9486,0,0,0,1,FX,NFX
09-Mar-2017,USDEUR,0.9481,0.9501,0.9423,0.9456,0,0,0,1,FX,NFX
10-Mar-2017,USDEUR,0.9457,0.946,0.9346,0.9371,0,0,0,1,FX,NFX
13-Mar-2017,USDEUR,0.9358,0.9387,0.9334,0.9387,0,0,0,1,FX,NFX
14-Mar-2017,USDEUR,0.9387,0.9435,0.9381,0.9427,0,0,0,1,FX,NFX
15-Mar-2017,USDEUR,0.9425,0.9429,0.9311,0.9319,0,0,0,1,FX,NFX
16-Mar-2017,USDEUR,0.9314,0.9341,0.9284,0.9289,0,0,0,1,FX,NFX
17-Mar-2017,USDEUR,0.9284,0.932,0.9274,0.9313,0,0,0,1,FX,NFX
20-Mar-2017,USDEUR,0.9309,0.9324,0.928,0.9311,0,0,0,1,FX,NFX
21-Mar-2017,USDEUR,0.9313,0.9326,0.9242,0.925,0,0,0,1,FX,NFX
22-Mar-2017,USDEUR,0.925,0.928,0.9241,0.9262,0,0,0,1,FX,NFX
23-Mar-2017,USDEUR,0.9264,0.9284,0.9256,0.9273,0,0,0,1,FX,NFX
24-Mar-2017,USDEUR,0.9274,0.9293,0.9244,0.9258,0,0,0,1,FX,NFX
27-Mar-2017,USDEUR,0.9229,0.9234,0.9172,0.9204,0,0,0,1,FX,NFX
28-Mar-2017,USDEUR,0.9205,0.9261,0.9197,0.9252,0,0,0,1,FX,NFX
29-Mar-2017,USDEUR,0.9248,0.931,0.9238,0.9289,0,0,0,1,FX,NFX
30-Mar-2017,USDEUR,0.9286,0.937,0.9285,0.937,0,0,0,1,FX,NFX
31-Mar-2017,USDEUR,0.9363,0.9387,0.9345,0.9385,0,0,0,1,FX,NFX
03-Apr-2017,USDEUR,0.9375,0.9395,0.9362,0.937,0,0,0,1,FX,NFX
04-Apr-2017,USDEUR,0.9373,0.9402,0.9365,0.9367,0,0,0,1,FX,NFX
05-Apr-2017,USDEUR,0.9366,0.94,0.9355,0.9379,0,0,0,1,FX,NFX
06-Apr-2017,USDEUR,0.9374,0.9407,0.9361,0.9395,0,0,0,1,FX,NFX
07-Apr-2017,USDEUR,0.9395,0.945,0.9381,0.9443,0,0,0,1,FX,NFX
10-Apr-2017,USDEUR,0.9448,0.946,0.9426,0.9437,0,0,0,1,FX,NFX
11-Apr-2017,USDEUR,0.9437,0.9452,0.9408,0.9429,0,0,0,1,FX,NFX
12-Apr-2017,USDEUR,0.9427,0.9444,0.9368,0.9375,0,0,0,1,FX,NFX
13-Apr-2017,USDEUR,0.9375,0.9424,0.9365,0.9424,0,0,0,1,FX,NFX
14-Apr-2017,USDEUR,0.9422,0.9428,0.9405,0.9423,0,0,0,1,FX,NFX
17-Apr-2017,USDEUR,0.9423,0.943,0.9374,0.9395,0,0,0,1,FX,NFX
18-Apr-2017,USDEUR,0.9399,0.9402,0.9314,0.932,0,0,0,1,FX,NFX
19-Apr-2017,USDEUR,0.9318,0.9345,0.9314,0.9336,0,0,0,1,FX,NFX
20-Apr-2017,USDEUR,0.9335,0.934,0.928,0.9333,0,0,0,1,FX,NFX
21-Apr-2017,USDEUR,0.933,0.9361,0.9315,0.9325,0,0,0,1,FX,NFX
24-Apr-2017,USDEUR,0.9164,0.9241,0.9164,0.9204,0,0,0,1,FX,NFX
25-Apr-2017,USDEUR,0.9201,0.9215,0.9133,0.9152,0,0,0,1,FX,NFX
26-Apr-2017,USDEUR,0.9152,0.9208,0.9133,0.917,0,0,0,1,FX,NFX
27-Apr-2017,USDEUR,0.9168,0.9214,0.9148,0.9197,0,0,0,1,FX,NFX
28-Apr-2017,USDEUR,0.9197,0.921,0.9133,0.9174,0,0,0,1,FX,NFX
01-May-2017,USDEUR,0.917,0.9186,0.9154,0.9174,0,0,0,1,FX,NFX
02-May-2017,USDEUR,0.9173,0.9183,0.9147,0.9147,0,0,0,1,FX,NFX
03-May-2017,USDEUR,0.9148,0.9188,0.9142,0.9184,0,0,0,1,FX,NFX
04-May-2017,USDEUR,0.9185,0.9195,0.9102,0.9105,0,0,0,1,FX,NFX
05-May-2017,USDEUR,0.9105,0.9128,0.9091,0.9092,0,0,0,1,FX,NFX
08-May-2017,USDEUR,0.9074,0.9161,0.9074,0.9155,0,0,0,1,FX,NFX
09-May-2017,USDEUR,0.9153,0.9204,0.9145,0.9195,0,0,0,1,FX,NFX
10-May-2017,USDEUR,0.9195,0.9214,0.9174,0.9202,0,0,0,1,FX,NFX
11-May-2017,USDEUR,0.92,0.9225,0.918,0.9207,0,0,0,1,FX,NFX
12-May-2017,USDEUR,0.9205,0.9212,0.9146,0.9146,0,0,0,1,FX,NFX
15-May-2017,USDEUR,0.9145,0.9155,0.91,0.9112,0,0,0,1,FX,NFX
16-May-2017,USDEUR,0.9109,0.9113,0.9011,0.9024,0,0,0,1,FX,NFX
17-May-2017,USDEUR,0.9022,0.9025,0.8958,0.8961,0,0,0,1,FX,NFX
18-May-2017,USDEUR,0.8961,0.9027,0.895,0.9005,0,0,0,1,FX,NFX
19-May-2017,USDEUR,0.9007,0.9013,0.892,0.8922,0,0,0,1,FX,NFX
22-May-2017,USDEUR,0.893,0.8959,0.8879,0.8899,0,0,0,1,FX,NFX
23-May-2017,USDEUR,0.8899,0.8948,0.8877,0.8943,0,0,0,1,FX,NFX
24-May-2017,USDEUR,0.8942,0.8953,0.8911,0.8913,0,0,0,1,FX,NFX
25-May-2017,USDEUR,0.8912,0.8933,0.8886,0.8921,0,0,0,1,FX,NFX
26-May-2017,USDEUR,0.892,0.8959,0.8901,0.8945,0,0,0,1,FX,NFX
29-May-2017,USDEUR,0.8952,0.8959,0.8936,0.8957,0,0,0,1,FX,NFX
30-May-2017,USDEUR,0.8957,0.9002,0.8928,0.8939,0,0,0,1,FX,NFX
31-May-2017,USDEUR,0.8939,0.8957,0.8887,0.8893,0,0,0,1,FX,NFX
01-Jun-2017,USDEUR,0.8893,0.8926,0.8884,0.892,0,0,0,1,FX,NFX
02-Jun-2017,USDEUR,0.8918,0.8924,0.8861,0.8864,0,0,0,1,FX,NFX
05-Jun-2017,USDEUR,0.8871,0.89,0.8862,0.8885,0,0,0,1,FX,NFX
06-Jun-2017,USDEUR,0.8884,0.8898,0.8863,0.8867,0,0,0,1,FX,NFX
07-Jun-2017,USDEUR,0.8866,0.8924,0.8862,0.8881,0,0,0,1,FX,NFX
08-Jun-2017,USDEUR,0.8878,0.8931,0.8875,0.8917,0,0,0,1,FX,NFX
09-Jun-2017,USDEUR,0.8913,0.8956,0.8899,0.8931,0,0,0,1,FX,NFX
12-Jun-2017,USDEUR,0.8921,0.8932,0.8904,0.8924,0,0,0,1,FX,NFX
13-Jun-2017,USDEUR,0.8923,0.8941,0.8911,0.892,0,0,0,1,FX,NFX
14-Jun-2017,USDEUR,0.8923,0.8932,0.8852,0.8913,0,0,0,1,FX,NFX
15-Jun-2017,USDEUR,0.8912,0.8982,0.8904,0.8972,0,0,0,1,FX,NFX
16-Jun-2017,USDEUR,0.8972,0.8978,0.8927,0.8933,0,0,0,1,FX,NFX
19-Jun-2017,USDEUR,0.8921,0.8973,0.8918,0.8971,0,0,0,1,FX,NFX
20-Jun-2017,USDEUR,0.897,0.8993,0.8957,0.8982,0,0,0,1,FX,NFX
21-Jun-2017,USDEUR,0.8982,0.8986,0.8952,0.8955,0,0,0,1,FX,NFX
22-Jun-2017,USDEUR,0.8955,0.8977,0.8946,0.8966,0,0,0,1,FX,NFX
23-Jun-2017,USDEUR,0.8964,0.8972,0.8922,0.8935,0,0,0,1,FX,NFX
26-Jun-2017,USDEUR,0.8926,0.8951,0.8912,0.8943,0,0,0,1,FX,NFX
27-Jun-2017,USDEUR,0.8941,0.8946,0.881,0.882,0,0,0,1,FX,NFX
28-Jun-2017,USDEUR,0.8821,0.885,0.878,0.879,0,0,0,1,FX,NFX
29-Jun-2017,USDEUR,0.8786,0.8792,0.8738,0.8741,0,0,0,1,FX,NFX
30-Jun-2017,USDEUR,0.8738,0.8778,0.8737,0.8758,0,0,0,1,FX,NFX
03-Jul-2017,USDEUR,0.8759,0.8806,0.8751,0.88,0,0,0,1,FX,NFX
04-Jul-2017,USDEUR,0.8806,0.8821,0.879,0.8814,0,0,0,1,FX,NFX
05-Jul-2017,USDEUR,0.8816,0.8839,0.8796,0.881,0,0,0,1,FX,NFX
06-Jul-2017,USDEUR,0.8807,0.8825,0.8752,0.8754,0,0,0,1,FX,NFX
07-Jul-2017,USDEUR,0.8755,0.8786,0.8743,0.877,0,0,0,1,FX,NFX
10-Jul-2017,USDEUR,0.8776,0.8784,0.8759,0.8771,0,0,0,1,FX,NFX
11-Jul-2017,USDEUR,0.8774,0.8784,0.871,0.8721,0,0,0,1,FX,NFX
12-Jul-2017,USDEUR,0.8723,0.8776,0.8703,0.8763,0,0,0,1,FX,NFX
13-Jul-2017,USDEUR,0.8762,0.8794,0.8728,0.8774,0,0,0,1,FX,NFX
14-Jul-2017,USDEUR,0.877,0.8779,0.8717,0.872,0,0,0,1,FX,NFX
17-Jul-2017,USDEUR,0.8718,0.8743,0.8705,0.8711,0,0,0,1,FX,NFX
18-Jul-2017,USDEUR,0.8713,0.8717,0.8633,0.8656,0,0,0,1,FX,NFX
19-Jul-2017,USDEUR,0.8654,0.8685,0.8651,0.8684,0,0,0,1,FX,NFX
20-Jul-2017,USDEUR,0.8684,0.871,0.8582,0.8597,0,0,0,1,FX,NFX
21-Jul-2017,USDEUR,0.8594,0.8605,0.8559,0.8575,0,0,0,1,FX,NFX
24-Jul-2017,USDEUR,0.8574,0.86,0.8559,0.859,0,0,0,1,FX,NFX
25-Jul-2017,USDEUR,0.8588,0.8598,0.854,0.8588,0,0,0,1,FX,NFX
26-Jul-2017,USDEUR,0.8583,0.8609,0.8518,0.8519,0,0,0,1,FX,NFX
27-Jul-2017,USDEUR,0.8521,0.8583,0.8493,0.8563,0,0,0,1,FX,NFX
28-Jul-2017,USDEUR,0.8563,0.8568,0.85,0.851,0,0,0,1,FX,NFX
31-Jul-2017,USDEUR,0.851,0.8529,0.844,0.844,0,0,0,1,FX,NFX
01-Aug-2017,USDEUR,0.8442,0.8482,0.844,0.8474,0,0,0,1,FX,NFX
02-Aug-2017,USDEUR,0.8476,0.8478,0.8401,0.8436,0,0,0,1,FX,NFX
03-Aug-2017,USDEUR,0.8437,0.8453,0.8411,0.8426,0,0,0,1,FX,NFX
04-Aug-2017,USDEUR,0.8424,0.8522,0.8412,0.8496,0,0,0,1,FX,NFX
07-Aug-2017,USDEUR,0.8495,0.8497,0.8466,0.8478,0,0,0,1,FX,NFX
08-Aug-2017,USDEUR,0.8478,0.8532,0.8458,0.8508,0,0,0,1,FX,NFX
09-Aug-2017,USDEUR,0.8509,0.8554,0.8498,0.8504,0,0,0,1,FX,NFX
10-Aug-2017,USDEUR,0.8507,0.8543,0.8487,0.8495,0,0,0,1,FX,NFX
11-Aug-2017,USDEUR,0.8495,0.8512,0.8443,0.8458,0,0,0,1,FX,NFX
14-Aug-2017,USDEUR,0.8452,0.8495,0.8448,0.8488,0,0,0,1,FX,NFX
15-Aug-2017,USDEUR,0.8488,0.8555,0.848,0.8521,0,0,0,1,FX,NFX
16-Aug-2017,USDEUR,0.8519,0.8559,0.8491,0.8498,0,0,0,1,FX,NFX
17-Aug-2017,USDEUR,0.8498,0.8574,0.8482,0.8528,0,0,0,1,FX,NFX
18-Aug-2017,USDEUR,0.8529,0.854,0.8495,0.8501,0,0,0,1,FX,NFX
21-Aug-2017,USDEUR,0.8507,0.8522,0.8455,0.8463,0,0,0,1,FX,NFX
22-Aug-2017,USDEUR,0.8462,0.8513,0.8457,0.8501,0,0,0,1,FX,NFX
23-Aug-2017,USDEUR,0.8501,0.8516,0.8457,0.8471,0,0,0,1,FX,NFX
24-Aug-2017,USDEUR,0.8467,0.8486,0.8461,0.8475,0,0,0,1,FX,NFX
25-Aug-2017,USDEUR,0.8474,0.8493,0.8377,0.8388,0,0,0,1,FX,NFX
28-Aug-2017,USDEUR,0.8371,0.8391,0.8345,0.8348,0,0,0,1,FX,NFX
29-Aug-2017,USDEUR,0.8347,0.837,0.8286,0.8352,0,0,0,1,FX,NFX
30-Aug-2017,USDEUR,0.8354,0.8417,0.8343,0.8417,0,0,0,1,FX,NFX
31-Aug-2017,USDEUR,0.8416,0.8458,0.8396,0.8397,0,0,0,1,FX,NFX
01-Sep-2017,USDEUR,0.8398,0.8438,0.8352,0.8429,0,0,0,1,FX,NFX
04-Sep-2017,USDEUR,0.8413,0.8421,0.8387,0.8406,0,0,0,1,FX,NFX
05-Sep-2017,USDEUR,0.8408,0.8423,0.8377,0.8396,0,0,0,1,FX,NFX
06-Sep-2017,USDEUR,0.8392,0.84,0.8368,0.8391,0,0,0,1,FX,NFX
07-Sep-2017,USDEUR,0.8391,0.8393,0.8297,0.8319,0,0,0,1,FX,NFX
08-Sep-2017,USDEUR,0.8317,0.8321,0.8271,0.8312,0,0,0,1,FX,NFX
11-Sep-2017,USDEUR,0.8319,0.837,0.8314,0.8367,0,0,0,1,FX,NFX
12-Sep-2017,USDEUR,0.8366,0.8384,0.8348,0.8357,0,0,0,1,FX,NFX
13-Sep-2017,USDEUR,0.8355,0.8421,0.8337,0.8414,0,0,0,1,FX,NFX
14-Sep-2017,USDEUR,0.8416,0.8444,0.8388,0.8391,0,0,0,1,FX,NFX
15-Sep-2017,USDEUR,0.8393,0.8402,0.8343,0.8371,0,0,0,1,FX,NFX
18-Sep-2017,USDEUR,0.8387,0.8392,0.8356,0.8366,0,0,0,1,FX,NFX
19-Sep-2017,USDEUR,0.8365,0.8367,0.833,0.8334,0,0,0,1,FX,NFX
20-Sep-2017,USDEUR,0.8339,0.8429,0.8318,0.8406,0,0,0,1,FX,NFX
21-Sep-2017,USDEUR,0.8406,0.8427,0.8367,0.8375,0,0,0,1,FX,NFX
22-Sep-2017,USDEUR,0.8372,0.8377,0.8332,0.837,0,0,0,1,FX,NFX
25-Sep-2017,USDEUR,0.8403,0.8451,0.8377,0.8438,0,0,0,1,FX,NFX
26-Sep-2017,USDEUR,0.8441,0.8503,0.8431,0.8479,0,0,0,1,FX,NFX
27-Sep-2017,USDEUR,0.848,0.8535,0.8478,0.8514,0,0,0,1,FX,NFX
28-Sep-2017,USDEUR,0.8512,0.8534,0.8474,0.8484,0,0,0,1,FX,NFX
29-Sep-2017,USDEUR,0.8486,0.8495,0.8452,0.8466,0,0,0,1,FX,NFX
02-Oct-2017,USDEUR,0.8473,0.8524,0.8463,0.8523,0,0,0,1,FX,NFX
03-Oct-2017,USDEUR,0.8521,0.8549,0.8496,0.8515,0,0,0,1,FX,NFX
04-Oct-2017,USDEUR,0.8516,0.852,0.8484,0.8503,0,0,0,1,FX,NFX
05-Oct-2017,USDEUR,0.8504,0.8547,0.8489,0.854,0,0,0,1,FX,NFX
06-Oct-2017,USDEUR,0.8538,0.8568,0.8518,0.8522,0,0,0,1,FX,NFX
09-Oct-2017,USDEUR,0.8524,0.8535,0.8507,0.8517,0,0,0,1,FX,NFX
10-Oct-2017,USDEUR,0.8518,0.8518,0.8458,0.8468,0,0,0,1,FX,NFX
11-Oct-2017,USDEUR,0.8469,0.8478,0.8424,0.8431,0,0,0,1,FX,NFX
12-Oct-2017,USDEUR,0.8432,0.8455,0.8417,0.8453,0,0,0,1,FX,NFX
13-Oct-2017,USDEUR,0.8451,0.8471,0.8421,0.8459,0,0,0,1,FX,NFX
16-Oct-2017,USDEUR,0.8452,0.8488,0.8442,0.8478,0,0,0,1,FX,NFX
17-Oct-2017,USDEUR,0.8477,0.8519,0.8474,0.8498,0,0,0,1,FX,NFX
18-Oct-2017,USDEUR,0.8499,0.8524,0.8471,0.8483,0,0,0,1,FX,NFX
19-Oct-2017,USDEUR,0.8482,0.8492,0.8434,0.8438,0,0,0,1,FX,NFX
20-Oct-2017,USDEUR,0.8439,0.8499,0.8435,0.8488,0,0,0,1,FX,NFX
23-Oct-2017,USDEUR,0.8489,0.8528,0.8483,0.851,0,0,0,1,FX,NFX
24-Oct-2017,USDEUR,0.8512,0.8516,0.848,0.8503,0,0,0,1,FX,NFX
25-Oct-2017,USDEUR,0.8501,0.8508,0.8462,0.8466,0,0,0,1,FX,NFX
26-Oct-2017,USDEUR,0.8467,0.8589,0.8449,0.8581,0,0,0,1,FX,NFX
27-Oct-2017,USDEUR,0.8583,0.8639,0.8579,0.8614,0,0,0,1,FX,NFX
30-Oct-2017,USDEUR,0.8619,0.8624,0.8577,0.8582,0,0,0,1,FX,NFX
31-Oct-2017,USDEUR,0.8581,0.8602,0.8577,0.8585,0,0,0,1,FX,NFX
01-Nov-2017,USDEUR,0.8588,0.8616,0.8579,0.8607,0,0,0,1,FX,NFX
02-Nov-2017,USDEUR,0.8605,0.8609,0.8558,0.8578,0,0,0,1,FX,NFX
03-Nov-2017,USDEUR,0.8577,0.862,0.8558,0.8614,0,0,0,1,FX,NFX
06-Nov-2017,USDEUR,0.8609,0.8635,0.8603,0.8614,0,0,0,1,FX,NFX
07-Nov-2017,USDEUR,0.861,0.8653,0.8608,0.863,0,0,0,1,FX,NFX
08-Nov-2017,USDEUR,0.8633,0.8636,0.8613,0.8625,0,0,0,1,FX,NFX
09-Nov-2017,USDEUR,0.8624,0.8631,0.858,0.859,0,0,0,1,FX,NFX
10-Nov-2017,USDEUR,0.8589,0.8603,0.8563,0.8573,0,0,826,1,FX,NFX
13-Nov-2017,USDEUR,0.8578,0.8593,0.8565,0.8573,0,0,0,1,FX,NFX
14-Nov-2017,USDEUR,0.8572,0.8576,0.8472,0.8477,0,0,0,1,FX,NFX
15-Nov-2017,USDEUR,0.8478,0.8484,0.8431,0.848,0,0,0,1,FX,NFX
16-Nov-2017,USDEUR,0.8481,0.8503,0.8475,0.8498,0,0,0,1,FX,NFX
17-Nov-2017,USDEUR,0.8493,0.85,0.8459,0.8482,0,0,0,1,FX,NFX
20-Nov-2017,USDEUR,0.8483,0.853,0.8471,0.8523,0,0,0,1,FX,NFX
21-Nov-2017,USDEUR,0.8522,0.8537,0.8507,0.8519,0,0,0,1,FX,NFX
22-Nov-2017,USDEUR,0.8521,0.8523,0.8456,0.8459,0,0,0,1,FX,NFX
23-Nov-2017,USDEUR,0.8458,0.8464,0.8434,0.8438,0,0,0,1,FX,NFX
24-Nov-2017,USDEUR,0.8438,0.8448,0.8373,0.8377,0,0,0,1,FX,NFX
27-Nov-2017,USDEUR,0.8382,0.8407,0.8361,0.8406,0,0,0,1,FX,NFX
28-Nov-2017,USDEUR,0.8406,0.8455,0.8389,0.8444,0,0,0,1,FX,NFX
29-Nov-2017,USDEUR,0.8439,0.846,0.8417,0.844,0,0,0,1,FX,NFX
30-Nov-2017,USDEUR,0.8443,0.8468,0.8381,0.8398,0,0,0,1,FX,NFX
01-Dec-2017,USDEUR,0.8401,0.8437,0.8376,0.8403,0,0,0,1,FX,NFX
04-Dec-2017,USDEUR,0.8433,0.8453,0.8419,0.8427,0,0,0,1,FX,NFX
05-Dec-2017,USDEUR,0.8428,0.8474,0.8418,0.8455,0,0,0,1,FX,NFX
06-Dec-2017,USDEUR,0.8455,0.8488,0.844,0.8478,0,0,0,1,FX,NFX
07-Dec-2017,USDEUR,0.8478,0.8495,0.8466,0.8495,0,0,0,1,FX,NFX
08-Dec-2017,USDEUR,0.8494,0.8523,0.8489,0.8496,0,0,0,1,FX,NFX
11-Dec-2017,USDEUR,0.8502,0.8502,0.8467,0.8497,0,0,0,1,FX,NFX
12-Dec-2017,USDEUR,0.8497,0.8534,0.848,0.8516,0,0,0,1,FX,NFX
13-Dec-2017,USDEUR,0.8518,0.8525,0.8451,0.8455,0,0,0,1,FX,NFX
14-Dec-2017,USDEUR,0.8457,0.8496,0.8433,0.8492,0,0,0,1,FX,NFX
15-Dec-2017,USDEUR,0.8492,0.8512,0.8467,0.8512,0,0,0,1,FX,NFX
18-Dec-2017,USDEUR,0.8516,0.8518,0.8451,0.8488,0,0,0,1,FX,NFX
19-Dec-2017,USDEUR,0.8488,0.8491,0.8439,0.8447,0,0,0,1,FX,NFX
20-Dec-2017,USDEUR,0.8446,0.8454,0.8403,0.8422,0,0,0,1,FX,NFX
21-Dec-2017,USDEUR,0.8422,0.8438,0.8412,0.8422,0,0,0,1,FX,NFX
22-Dec-2017,USDEUR,0.8421,0.846,0.842,0.8431,0,0,0,1,FX,NFX
25-Dec-2017,USDEUR,0.8432,0.8448,0.8417,0.8424,0,0,0,1,FX,NFX
26-Dec-2017,USDEUR,0.8427,0.8441,0.8418,0.8433,0,0,0,1,FX,NFX
27-Dec-2017,USDEUR,0.8434,0.8436,0.8397,0.8414,0,0,0,1,FX,NFX
28-Dec-2017,USDEUR,0.8407,0.8409,0.836,0.8375,0,0,0,1,FX,NFX
29-Dec-2017,USDEUR,0.8377,0.8378,0.8316,0.8334,0,0,0,1,FX,NFX
01-Jan-2018,USDEUR,0.8335,0.8341,0.8325,0.8325,0,0,0,1,FX,NFX
02-Jan-2018,USDEUR,0.8323,0.8333,0.8278,0.8293,0,0,0,1,FX,NFX
03-Jan-2018,USDEUR,0.8295,0.8331,0.8286,0.8322,0,0,0,1,FX,NFX
04-Jan-2018,USDEUR,0.8321,0.8331,0.8273,0.8286,0,0,0,1,FX,NFX
05-Jan-2018,USDEUR,0.8287,0.8318,0.8278,0.8314,0,0,0,1,FX,NFX
08-Jan-2018,USDEUR,0.8315,0.8363,0.8297,0.8357,0,0,0,1,FX,NFX
09-Jan-2018,USDEUR,0.8357,0.8392,0.835,0.8377,0,0,0,1,FX,NFX
10-Jan-2018,USDEUR,0.8377,0.8387,0.8322,0.837,0,0,0,1,FX,NFX
11-Jan-2018,USDEUR,0.8371,0.8381,0.8294,0.8313,0,0,0,1,FX,NFX
12-Jan-2018,USDEUR,0.8311,0.8313,0.8192,0.8198,0,0,0,1,FX,NFX
15-Jan-2018,USDEUR,0.8198,0.8205,0.8133,0.8153,0,0,0,1,FX,NFX
16-Jan-2018,USDEUR,0.8153,0.8199,0.814,0.8156,0,0,0,1,FX,NFX
17-Jan-2018,USDEUR,0.8156,0.8211,0.812,0.821,0,0,0,1,FX,NFX
18-Jan-2018,USDEUR,0.8206,0.8219,0.8154,0.8171,0,0,0,1,FX,NFX
19-Jan-2018,USDEUR,0.8174,0.8186,0.8134,0.8181,0,0,0,1,FX,NFX
22-Jan-2018,USDEUR,0.8151,0.8185,0.8151,0.8154,0,0,0,1,FX,NFX
23-Jan-2018,USDEUR,0.8155,0.8181,0.8125,0.8129,0,0,0,1,FX,NFX
24-Jan-2018,USDEUR,0.8131,0.8134,0.8053,0.806,0,0,0,1,FX,NFX
25-Jan-2018,USDEUR,0.8058,0.8088,0.7978,0.8066,0,0,0,1,FX,NFX
26-Jan-2018,USDEUR,0.807,0.8083,0.8006,0.8045,0,0,0,1,FX,NFX
29-Jan-2018,USDEUR,0.8049,0.8105,0.8044,0.8076,0,0,0,1,FX,NFX
30-Jan-2018,USDEUR,0.8076,0.8105,0.8031,0.8061,0,0,0,1,FX,NFX
31-Jan-2018,USDEUR,0.8063,0.8072,0.8016,0.8055,0,0,0,1,FX,NFX
01-Feb-2018,USDEUR,0.806,0.8074,0.7987,0.7996,0,0,0,1,FX,NFX
02-Feb-2018,USDEUR,0.7988,0.8058,0.7988,0.8029,0,0,0,1,FX,NFX
05-Feb-2018,USDEUR,0.8041,0.8088,0.8015,0.8088,0,0,0,1,FX,NFX
06-Feb-2018,USDEUR,0.8086,0.8119,0.8046,0.8079,0,0,0,1,FX,NFX
07-Feb-2018,USDEUR,0.8079,0.8165,0.8063,0.8153,0,0,0,1,FX,NFX
08-Feb-2018,USDEUR,0.8155,0.8187,0.8134,0.8165,0,0,0,1,FX,NFX
09-Feb-2018,USDEUR,0.8166,0.8192,0.8139,0.8161,0,0,0,1,FX,NFX
12-Feb-2018,USDEUR,0.8165,0.8173,0.8133,0.8135,0,0,0,1,FX,NFX
13-Feb-2018,USDEUR,0.8135,0.8139,0.8084,0.8096,0,0,0,1,FX,NFX
14-Feb-2018,USDEUR,0.8095,0.8145,0.8024,0.8033,0,0,0,1,FX,NFX
15-Feb-2018,USDEUR,0.803,0.8033,0.7993,0.7995,0,0,0,1,FX,NFX
16-Feb-2018,USDEUR,0.7996,0.8066,0.7964,0.8057,0,0,0,1,FX,NFX
19-Feb-2018,USDEUR,0.8061,0.8085,0.8043,0.8059,0,0,0,1,FX,NFX
20-Feb-2018,USDEUR,0.8059,0.8116,0.8054,0.8106,0,0,0,1,FX,NFX
21-Feb-2018,USDEUR,0.8105,0.8142,0.8093,0.814,0,0,0,1,FX,NFX
22-Feb-2018,USDEUR,0.814,0.8156,0.8096,0.811,0,0,0,1,FX,NFX
23-Feb-2018,USDEUR,0.8111,0.8144,0.8103,0.8134,0,0,0,1,FX,NFX
26-Feb-2018,USDEUR,0.8135,0.8142,0.8094,0.8117,0,0,0,1,FX,NFX
27-Feb-2018,USDEUR,0.8118,0.8181,0.81,0.8175,0,0,0,1,FX,NFX
28-Feb-2018,USDEUR,0.8179,0.8204,0.817,0.82,0,0,0,1,FX,NFX
01-Mar-2018,USDEUR,0.8201,0.8226,0.815,0.8153,0,0,0,1,FX,NFX
02-Mar-2018,USDEUR,0.8154,0.8161,0.8106,0.8116,0,0,0,1,FX,NFX
05-Mar-2018,USDEUR,0.8109,0.8147,0.809,0.8108,0,0,0,1,FX,NFX
06-Mar-2018,USDEUR,0.8105,0.811,0.8053,0.8061,0,0,0,1,FX,NFX
07-Mar-2018,USDEUR,0.8061,0.8074,0.8038,0.8057,0,0,0,1,FX,NFX
08-Mar-2018,USDEUR,0.8053,0.8131,0.8034,0.8123,0,0,0,1,FX,NFX
09-Mar-2018,USDEUR,0.8125,0.8145,0.811,0.8126,0,0,0,1,FX,NFX
12-Mar-2018,USDEUR,0.8124,0.8135,0.81,0.8106,0,0,0,1,FX,NFX
13-Mar-2018,USDEUR,0.8106,0.812,0.8059,0.807,0,0,0,1,FX,NFX
14-Mar-2018,USDEUR,0.8069,0.8098,0.8055,0.8084,0,0,0,1,FX,NFX
15-Mar-2018,USDEUR,0.8086,0.813,0.8075,0.8126,0,0,0,1,FX,NFX
16-Mar-2018,USDEUR,0.8126,0.8155,0.8105,0.8138,0,0,0,1,FX,NFX
19-Mar-2018,USDEUR,0.8138,0.8157,0.8092,0.8106,0,0,0,1,FX,NFX
20-Mar-2018,USDEUR,0.8108,0.817,0.8095,0.817,0,0,0,1,FX,NFX
21-Mar-2018,USDEUR,0.8167,0.8169,0.8097,0.8103,0,0,0,1,FX,NFX
22-Mar-2018,USDEUR,0.8105,0.8138,0.8074,0.8129,0,0,0,1,FX,NFX
23-Mar-2018,USDEUR,0.8125,0.8125,0.8083,0.8095,0,0,0,1,FX,NFX
26-Mar-2018,USDEUR,0.8091,0.8095,0.8024,0.8033,0,0,0,1,FX,NFX
27-Mar-2018,USDEUR,0.8034,0.808,0.8015,0.8064,0,0,0,1,FX,NFX
28-Mar-2018,USDEUR,0.8061,0.813,0.805,0.8125,0,0,0,1,FX,NFX
29-Mar-2018,USDEUR,0.8125,0.814,0.8105,0.813,0,0,0,1,FX,NFX
30-Mar-2018,USDEUR,0.813,0.8133,0.8109,0.8115,0,0,0,1,FX,NFX
02-Apr-2018,USDEUR,0.8117,0.814,0.8101,0.813,0,0,0,1,FX,NFX
03-Apr-2018,USDEUR,0.8129,0.816,0.8108,0.8152,0,0,0,1,FX,NFX
04-Apr-2018,USDEUR,0.815,0.8158,0.812,0.8144,0,0,0,1,FX,NFX
05-Apr-2018,USDEUR,0.8141,0.8185,0.8135,0.817,0,0,0,1,FX,NFX
06-Apr-2018,USDEUR,0.8169,0.8185,0.8136,0.8142,0,0,0,1,FX,NFX
09-Apr-2018,USDEUR,0.8141,0.8155,0.8111,0.8117,0,0,0,1,FX,NFX
10-Apr-2018,USDEUR,0.8119,0.8127,0.808,0.8094,0,0,0,1,FX,NFX
11-Apr-2018,USDEUR,0.8094,0.8098,0.8069,0.8085,0,0,0,1,FX,NFX
12-Apr-2018,USDEUR,0.809,0.813,0.8077,0.8113,0,0,0,1,FX,NFX
13-Apr-2018,USDEUR,0.8113,0.8125,0.81,0.8112,0,0,0,1,FX,NFX
16-Apr-2018,USDEUR,0.8108,0.8115,0.807,0.8077,0,0,0,1,FX,NFX
17-Apr-2018,USDEUR,0.8076,0.8105,0.8055,0.8084,0,0,0,1,FX,NFX
18-Apr-2018,USDEUR,0.8085,0.8099,0.8066,0.808,0,0,0,1,FX,NFX
19-Apr-2018,USDEUR,0.808,0.811,0.8065,0.81,0,0,0,1,FX,NFX
20-Apr-2018,USDEUR,0.8099,0.8155,0.8095,0.8138,0,0,0,1,FX,NFX
23-Apr-2018,USDEUR,0.8146,0.8197,0.8137,0.8193,0,0,0,1,FX,NFX
24-Apr-2018,USDEUR,0.8191,0.8209,0.8166,0.8173,0,0,0,1,FX,NFX
25-Apr-2018,USDEUR,0.8174,0.8222,0.817,0.8222,0,0,0,1,FX,NFX
26-Apr-2018,USDEUR,0.8222,0.8266,0.8193,0.8262,0,0,0,1,FX,NFX
27-Apr-2018,USDEUR,0.8261,0.8294,0.8242,0.8245,0,0,0,1,FX,NFX
30-Apr-2018,USDEUR,0.825,0.829,0.8238,0.8278,0,0,0,1,FX,NFX
01-May-2018,USDEUR,0.828,0.8345,0.8275,0.8338,0,0,0,1,FX,NFX
02-May-2018,USDEUR,0.8337,0.8377,0.8313,0.8367,0,0,0,1,FX,NFX
03-May-2018,USDEUR,0.8371,0.8371,0.8327,0.8341,0,0,0,1,FX,NFX
04-May-2018,USDEUR,0.8341,0.8395,0.8335,0.8358,0,0,0,1,FX,NFX
07-May-2018,USDEUR,0.836,0.8404,0.8348,0.8387,0,0,0,1,FX,NFX
08-May-2018,USDEUR,0.8387,0.8447,0.8377,0.8429,0,0,0,1,FX,NFX
09-May-2018,USDEUR,0.8427,0.8458,0.8407,0.8437,0,0,0,1,FX,NFX
10-May-2018,USDEUR,0.8441,0.8442,0.8373,0.8393,0,0,0,1,FX,NFX
11-May-2018,USDEUR,0.8393,0.8408,0.8357,0.8376,0,0,0,1,FX,NFX
14-May-2018,USDEUR,0.8373,0.8384,0.8337,0.8383,0,0,0,1,FX,NFX
15-May-2018,USDEUR,0.8384,0.8458,0.8376,0.8447,0,0,0,1,FX,NFX
16-May-2018,USDEUR,0.8448,0.8499,0.8437,0.8469,0,0,0,1,FX,NFX
17-May-2018,USDEUR,0.8468,0.8489,0.8449,0.8478,0,0,0,1,FX,NFX
18-May-2018,USDEUR,0.8479,0.851,0.8459,0.8496,0,0,0,1,FX,NFX
21-May-2018,USDEUR,0.85,0.8535,0.8478,0.848,0,0,0,1,FX,NFX
22-May-2018,USDEUR,0.848,0.8504,0.8456,0.8491,0,0,0,1,FX,NFX
23-May-2018,USDEUR,0.8488,0.8564,0.8482,0.8549,0,0,0,1,FX,NFX
24-May-2018,USDEUR,0.8547,0.8553,0.851,0.8532,0,0,0,1,FX,NFX
25-May-2018,USDEUR,0.8533,0.8585,0.8523,0.8582,0,0,0,1,FX,NFX
28-May-2018,USDEUR,0.8558,0.8615,0.8524,0.8602,0,0,0,1,FX,NFX
29-May-2018,USDEUR,0.8603,0.8685,0.8594,0.8666,0,0,0,1,FX,NFX
30-May-2018,USDEUR,0.8668,0.8681,0.8565,0.8572,0,0,0,1,FX,NFX
31-May-2018,USDEUR,0.8574,0.8588,0.8529,0.855,0,0,0,1,FX,NFX
01-Jun-2018,USDEUR,0.8556,0.8603,0.8536,0.8577,0,0,0,1,FX,NFX
04-Jun-2018,USDEUR,0.8569,0.8576,0.8513,0.855,0,0,0,1,FX,NFX
05-Jun-2018,USDEUR,0.8548,0.858,0.8523,0.8535,0,0,0,1,FX,NFX
06-Jun-2018,USDEUR,0.853,0.8538,0.8478,0.8493,0,0,0,1,FX,NFX
07-Jun-2018,USDEUR,0.8491,0.8494,0.8447,0.8478,0,0,0,1,FX,NFX
08-Jun-2018,USDEUR,0.8475,0.8527,0.8464,0.8497,0,0,0,1,FX,NFX
11-Jun-2018,USDEUR,0.8494,0.8496,0.846,0.8486,0,0,0,1,FX,NFX
12-Jun-2018,USDEUR,0.8486,0.8521,0.8468,0.8515,0,0,0,1,FX,NFX
13-Jun-2018,USDEUR,0.8515,0.8524,0.8476,0.8479,0,0,0,1,FX,NFX
14-Jun-2018,USDEUR,0.848,0.8639,0.844,0.8639,0,0,0,1,FX,NFX
15-Jun-2018,USDEUR,0.8642,0.8663,0.8601,0.8615,0,0,0,1,FX,NFX
18-Jun-2018,USDEUR,0.8628,0.8645,0.8602,0.8603,0,0,0,1,FX,NFX
19-Jun-2018,USDEUR,0.8605,0.8671,0.8588,0.8629,0,0,0,1,FX,NFX
20-Jun-2018,USDEUR,0.8628,0.866,0.862,0.8639,0,0,0,1,FX,NFX
21-Jun-2018,USDEUR,0.864,0.8688,0.8598,0.8618,0,0,0,1,FX,NFX
22-Jun-2018,USDEUR,0.8624,0.8624,0.8565,0.8579,0,0,0,1,FX,NFX
25-Jun-2018,USDEUR,0.8578,0.8599,0.8538,0.8545,0,0,0,1,FX,NFX
26-Jun-2018,USDEUR,0.8542,0.8595,0.8534,0.8584,0,0,0,1,FX,NFX
27-Jun-2018,USDEUR,0.8588,0.8664,0.8568,0.8655,0,0,0,1,FX,NFX
28-Jun-2018,USDEUR,0.8656,0.8674,0.8622,0.8643,0,0,0,1,FX,NFX
29-Jun-2018,USDEUR,0.8645,0.8651,0.8555,0.8558,0,0,0,1,FX,NFX
02-Jul-2018,USDEUR,0.8559,0.8627,0.8557,0.8592,0,0,0,1,FX,NFX
03-Jul-2018,USDEUR,0.8588,0.8605,0.8568,0.8577,0,0,0,1,FX,NFX
04-Jul-2018,USDEUR,0.858,0.8598,0.8561,0.8579,0,0,0,1,FX,NFX
05-Jul-2018,USDEUR,0.8574,0.8588,0.8533,0.8554,0,0,0,1,FX,NFX
06-Jul-2018,USDEUR,0.8554,0.8562,0.8498,0.8516,0,0,0,1,FX,NFX
09-Jul-2018,USDEUR,0.8514,0.8522,0.848,0.851,0,0,0,1,FX,NFX
10-Jul-2018,USDEUR,0.8509,0.8553,0.8501,0.8515,0,0,0,1,FX,NFX
11-Jul-2018,USDEUR,0.8514,0.8572,0.8504,0.8564,0,0,0,1,FX,NFX
12-Jul-2018,USDEUR,0.8564,0.8583,0.855,0.8569,0,0,0,1,FX,NFX
13-Jul-2018,USDEUR,0.8569,0.861,0.8557,0.8557,0,0,0,1,FX,NFX
16-Jul-2018,USDEUR,0.8553,0.8564,0.8528,0.8538,0,0,0,1,FX,NFX
17-Jul-2018,USDEUR,0.8542,0.8585,0.8515,0.8575,0,0,0,1,FX,NFX
18-Jul-2018,USDEUR,0.8577,0.8619,0.8573,0.8589,0,0,0,1,FX,NFX
19-Jul-2018,USDEUR,0.859,0.8639,0.8565,0.8589,0,0,0,1,FX,NFX
20-Jul-2018,USDEUR,0.8589,0.86,0.852,0.8532,0,0,0,1,FX,NFX
23-Jul-2018,USDEUR,0.8528,0.8558,0.8509,0.8553,0,0,0,1,FX,NFX
24-Jul-2018,USDEUR,0.8552,0.8578,0.8535,0.856,0,0,0,1,FX,NFX
25-Jul-2018,USDEUR,0.8558,0.8573,0.852,0.8523,0,0,0,1,FX,NFX
26-Jul-2018,USDEUR,0.8522,0.859,0.8516,0.8589,0,0,0,1,FX,NFX
27-Jul-2018,USDEUR,0.8587,0.8603,0.8574,0.8579,0,0,0,1,FX,NFX
30-Jul-2018,USDEUR,0.8567,0.8583,0.8534,0.8543,0,0,0,1,FX,NFX
31-Jul-2018,USDEUR,0.8543,0.8555,0.8514,0.8548,0,0,0,1,FX,NFX
01-Aug-2018,USDEUR,0.8555,0.8578,0.8548,0.8575,0,0,0,1,FX,NFX
02-Aug-2018,USDEUR,0.8577,0.8634,0.857,0.8631,0,0,0,1,FX,NFX
03-Aug-2018,USDEUR,0.8629,0.8649,0.8614,0.8645,0,0,0,1,FX,NFX
06-Aug-2018,USDEUR,0.8639,0.8673,0.8639,0.8656,0,0,0,1,FX,NFX
07-Aug-2018,USDEUR,0.865,0.8658,0.8615,0.8622,0,0,0,1,FX,NFX
08-Aug-2018,USDEUR,0.8618,0.8639,0.86,0.8614,0,0,0,1,FX,NFX
09-Aug-2018,USDEUR,0.8615,0.8676,0.8604,0.8675,0,0,0,1,FX,NFX
10-Aug-2018,USDEUR,0.8676,0.8781,0.8669,0.8764,0,0,0,1,FX,NFX
13-Aug-2018,USDEUR,0.8791,0.8799,0.8746,0.8765,0,0,0,1,FX,NFX
14-Aug-2018,USDEUR,0.8762,0.8824,0.875,0.8816,0,0,0,1,FX,NFX
15-Aug-2018,USDEUR,0.8811,0.8847,0.8806,0.8814,0,0,0,1,FX,NFX
16-Aug-2018,USDEUR,0.8812,0.8821,0.8765,0.8791,0,0,0,1,FX,NFX
17-Aug-2018,USDEUR,0.8795,0.8798,0.8738,0.8741,0,0,0,1,FX,NFX
20-Aug-2018,USDEUR,0.874,0.8775,0.8706,0.8708,0,0,0,1,FX,NFX
21-Aug-2018,USDEUR,0.871,0.871,0.8621,0.8641,0,0,0,1,FX,NFX
22-Aug-2018,USDEUR,0.8645,0.8655,0.8603,0.8622,0,0,0,1,FX,NFX
23-Aug-2018,USDEUR,0.8627,0.8671,0.8618,0.8661,0,0,0,1,FX,NFX
24-Aug-2018,USDEUR,0.867,0.867,0.8592,0.8603,0,0,0,1,FX,NFX
27-Aug-2018,USDEUR,0.8607,0.8623,0.8552,0.8562,0,0,0,1,FX,NFX
28-Aug-2018,USDEUR,0.856,0.8575,0.8524,0.8552,0,0,0,1,FX,NFX
29-Aug-2018,USDEUR,0.8556,0.858,0.8539,0.8541,0,0,0,1,FX,NFX
30-Aug-2018,USDEUR,0.8541,0.8589,0.8536,0.8572,0,0,0,1,FX,NFX
31-Aug-2018,USDEUR,0.8569,0.8633,0.8556,0.8615,0,0,0,1,FX,NFX
03-Sep-2018,USDEUR,0.8623,0.8628,0.86,0.8608,0,0,0,1,FX,NFX
04-Sep-2018,USDEUR,0.8605,0.8673,0.8603,0.8634,0,0,0,1,FX,NFX
05-Sep-2018,USDEUR,0.8633,0.8662,0.8593,0.8599,0,0,0,1,FX,NFX
06-Sep-2018,USDEUR,0.8599,0.8616,0.8578,0.8602,0,0,0,1,FX,NFX
07-Sep-2018,USDEUR,0.8605,0.8657,0.8584,0.8657,0,0,0,1,FX,NFX
10-Sep-2018,USDEUR,0.8658,0.8675,0.861,0.8624,0,0,0,1,FX,NFX
11-Sep-2018,USDEUR,0.8624,0.8645,0.8589,0.8617,0,0,0,1,FX,NFX
12-Sep-2018,USDEUR,0.8617,0.8642,0.8585,0.86,0,0,0,1,FX,NFX
13-Sep-2018,USDEUR,0.8601,0.8614,0.8547,0.8555,0,0,0,1,FX,NFX
14-Sep-2018,USDEUR,0.8554,0.8605,0.8532,0.8604,0,0,0,1,FX,NFX
17-Sep-2018,USDEUR,0.8603,0.8604,0.8549,0.8558,0,0,0,1,FX,NFX
18-Sep-2018,USDEUR,0.8561,0.8581,0.8532,0.8569,0,0,0,1,FX,NFX
19-Sep-2018,USDEUR,0.857,0.8581,0.8537,0.8567,0,0,0,1,FX,NFX
20-Sep-2018,USDEUR,0.8569,0.8569,0.8486,0.8491,0,0,0,1,FX,NFX
21-Sep-2018,USDEUR,0.8492,0.8522,0.8474,0.8508,0,0,0,1,FX,NFX
24-Sep-2018,USDEUR,0.8516,0.8528,0.8466,0.8514,0,0,0,1,FX,NFX
25-Sep-2018,USDEUR,0.8512,0.8524,0.848,0.8499,0,0,0,1,FX,NFX
26-Sep-2018,USDEUR,0.8499,0.8528,0.8478,0.8517,0,0,0,1,FX,NFX
27-Sep-2018,USDEUR,0.8519,0.8592,0.8505,0.859,0,0,0,1,FX,NFX
28-Sep-2018,USDEUR,0.8594,0.8642,0.858,0.8619,0,0,0,1,FX,NFX
01-Oct-2018,USDEUR,0.8609,0.8648,0.8602,0.8637,0,0,0,1,FX,NFX
02-Oct-2018,USDEUR,0.8634,0.869,0.8631,0.866,0,0,0,1,FX,NFX
03-Oct-2018,USDEUR,0.8659,0.8715,0.8627,0.8711,0,0,0,1,FX,NFX
04-Oct-2018,USDEUR,0.8711,0.8723,0.8665,0.8684,0,0,0,1,FX,NFX
05-Oct-2018,USDEUR,0.8683,0.8706,0.8665,0.868,0,0,0,1,FX,NFX
08-Oct-2018,USDEUR,0.8678,0.8725,0.8666,0.8702,0,0,0,1,FX,NFX
09-Oct-2018,USDEUR,0.8704,0.8748,0.8695,0.87,0,0,0,1,FX,NFX
10-Oct-2018,USDEUR,0.8703,0.871,0.8661,0.8682,0,0,0,1,FX,NFX
11-Oct-2018,USDEUR,0.8683,0.8683,0.8622,0.8625,0,0,0,1,FX,NFX
12-Oct-2018,USDEUR,0.8625,0.8669,0.8613,0.8653,0,0,0,1,FX,NFX
15-Oct-2018,USDEUR,0.8666,0.8668,0.8617,0.8636,0,0,0,1,FX,NFX
16-Oct-2018,USDEUR,0.8637,0.8645,0.8605,0.8639,0,0,0,1,FX,NFX
17-Oct-2018,USDEUR,0.864,0.8698,0.8636,0.8696,0,0,0,1,FX,NFX
18-Oct-2018,USDEUR,0.8696,0.8734,0.8676,0.8731,0,0,0,1,FX,NFX
19-Oct-2018,USDEUR,0.873,0.8745,0.867,0.8684,0,0,0,1,FX,NFX
22-Oct-2018,USDEUR,0.8684,0.8729,0.8656,0.8722,0,0,0,1,FX,NFX
23-Oct-2018,USDEUR,0.8723,0.8741,0.8702,0.8716,0,0,0,1,FX,NFX
24-Oct-2018,USDEUR,0.8719,0.8785,0.8711,0.8779,0,0,0,1,FX,NFX
25-Oct-2018,USDEUR,0.8779,0.8805,0.8749,0.879,0,0,0,1,FX,NFX
26-Oct-2018,USDEUR,0.8794,0.8821,0.8757,0.877,0,0,0,1,FX,NFX
29-Oct-2018,USDEUR,0.8777,0.8801,0.876,0.8794,0,0,0,1,FX,NFX
30-Oct-2018,USDEUR,0.8795,0.8818,0.8782,0.8812,0,0,0,1,FX,NFX
31-Oct-2018,USDEUR,0.8819,0.8847,0.8803,0.8838,0,0,0,1,FX,NFX
01-Nov-2018,USDEUR,0.8841,0.8842,0.8754,0.8765,0,0,0,1,FX,NFX
02-Nov-2018,USDEUR,0.8763,0.8792,0.8729,0.8781,0,0,0,1,FX,NFX
05-Nov-2018,USDEUR,0.877,0.8802,0.8754,0.8766,0,0,904,1,FX,NFX
06-Nov-2018,USDEUR,0.8766,0.8778,0.8743,0.8751,0,0,760,1,FX,NFX
07-Nov-2018,USDEUR,0.875,0.8776,0.8697,0.8752,0,0,952,1,FX,NFX
08-Nov-2018,USDEUR,0.875,0.8806,0.8738,0.88,0,0,823,1,FX,NFX
09-Nov-2018,USDEUR,0.8799,0.8835,0.8796,0.8821,0,0,907,1,FX,NFX
12-Nov-2018,USDEUR,0.8829,0.8916,0.8823,0.8913,0,0,0,1,FX,NFX
13-Nov-2018,USDEUR,0.8913,0.8913,0.8855,0.8857,0,0,0,1,FX,NFX
14-Nov-2018,USDEUR,0.8857,0.8878,0.8814,0.8843,0,0,0,1,FX,NFX
15-Nov-2018,USDEUR,0.8847,0.8869,0.8803,0.8827,0,0,0,1,FX,NFX
16-Nov-2018,USDEUR,0.8831,0.8836,0.8757,0.8759,0,0,0,1,FX,NFX
19-Nov-2018,USDEUR,0.8755,0.8777,0.8722,0.8733,0,0,0,1,FX,NFX
20-Nov-2018,USDEUR,0.873,0.8803,0.8716,0.8794,0,0,0,1,FX,NFX
21-Nov-2018,USDEUR,0.8792,0.88,0.8756,0.8783,0,0,0,1,FX,NFX
22-Nov-2018,USDEUR,0.8783,0.8785,0.8748,0.8769,0,0,0,1,FX,NFX
23-Nov-2018,USDEUR,0.877,0.8827,0.8758,0.8822,0,0,0,1,FX,NFX
26-Nov-2018,USDEUR,0.882,0.883,0.8783,0.8829,0,0,0,1,FX,NFX
27-Nov-2018,USDEUR,0.8827,0.8866,0.8814,0.8856,0,0,0,1,FX,NFX
28-Nov-2018,USDEUR,0.8855,0.8875,0.8781,0.8798,0,0,0,1,FX,NFX
29-Nov-2018,USDEUR,0.8796,0.8811,0.877,0.8777,0,0,0,1,FX,NFX
30-Nov-2018,USDEUR,0.8778,0.8844,0.8771,0.8834,0,0,0,1,FX,NFX
03-Dec-2018,USDEUR,0.8807,0.8834,0.8789,0.8806,0,0,0,1,FX,NFX
04-Dec-2018,USDEUR,0.8806,0.8835,0.8759,0.8817,0,0,0,1,FX,NFX
05-Dec-2018,USDEUR,0.8816,0.8837,0.88,0.8815,0,0,0,1,FX,NFX
06-Dec-2018,USDEUR,0.8815,0.8831,0.8764,0.8787,0,0,0,1,FX,NFX
07-Dec-2018,USDEUR,0.88,0.8802,0.8755,0.8771,0,0,0,1,FX,NFX
10-Dec-2018,USDEUR,0.8778,0.881,0.874,0.8806,0,0,0,1,FX,NFX
11-Dec-2018,USDEUR,0.8812,0.8844,0.8771,0.8835,0,0,0,1,FX,NFX
12-Dec-2018,USDEUR,0.8837,0.8839,0.8782,0.8797,0,0,0,1,FX,NFX
13-Dec-2018,USDEUR,0.88,0.8824,0.8779,0.8803,0,0,0,1,FX,NFX
14-Dec-2018,USDEUR,0.8804,0.8872,0.8797,0.8846,0,0,0,1,FX,NFX
17-Dec-2018,USDEUR,0.8847,0.8851,0.8804,0.8814,0,0,0,1,FX,NFX
18-Dec-2018,USDEUR,0.881,0.882,0.8771,0.8799,0,0,0,1,FX,NFX
19-Dec-2018,USDEUR,0.8804,0.8804,0.8742,0.8787,0,0,0,1,FX,NFX
20-Dec-2018,USDEUR,0.879,0.8792,0.8708,0.8737,0,0,0,1,FX,NFX
21-Dec-2018,USDEUR,0.8736,0.8805,0.8715,0.8797,0,0,0,1,FX,NFX
24-Dec-2018,USDEUR,0.8796,0.8802,0.8743,0.878,0,0,0,1,FX,NFX
25-Dec-2018,USDEUR,0.8782,0.8801,0.8745,0.8778,0,0,0,1,FX,NFX
26-Dec-2018,USDEUR,0.877,0.8816,0.8757,0.8809,0,0,0,1,FX,NFX
27-Dec-2018,USDEUR,0.8807,0.881,0.873,0.8748,0,0,0,1,FX,NFX
28-Dec-2018,USDEUR,0.8748,0.875,0.8715,0.874,0,0,0,1,FX,NFX
31-Dec-2018,USDEUR,0.874,0.8755,0.872,0.8723,0,0,0,1,FX,NFX
01-Jan-2019,USDEUR,0.8729,0.874,0.8722,0.8723,0,0,0,1,FX,NFX
02-Jan-2019,USDEUR,0.873,0.8829,0.8699,0.8816,0,0,0,1,FX,NFX
03-Jan-2019,USDEUR,0.8798,0.8856,0.8764,0.8777,0,0,0,1,FX,NFX
04-Jan-2019,USDEUR,0.8782,0.8811,0.8758,0.8774,0,0,0,1,FX,NFX
07-Jan-2019,USDEUR,0.8774,0.8775,0.871,0.8716,0,0,0,1,FX,NFX
08-Jan-2019,USDEUR,0.8715,0.8755,0.8708,0.874,0,0,0,1,FX,NFX
09-Jan-2019,USDEUR,0.8738,0.8743,0.8655,0.8662,0,0,0,1,FX,NFX
10-Jan-2019,USDEUR,0.8662,0.8706,0.8643,0.8695,0,0,0,1,FX,NFX
11-Jan-2019,USDEUR,0.8694,0.8728,0.8666,0.8722,0,0,0,1,FX,NFX
14-Jan-2019,USDEUR,0.8725,0.8731,0.8709,0.8719,0,0,0,1,FX,NFX
15-Jan-2019,USDEUR,0.8714,0.8785,0.8701,0.8762,0,0,0,1,FX,NFX
16-Jan-2019,USDEUR,0.8765,0.8789,0.8751,0.8779,0,0,0,1,FX,NFX
17-Jan-2019,USDEUR,0.8776,0.8795,0.8767,0.878,0,0,0,1,FX,NFX
18-Jan-2019,USDEUR,0.8781,0.8807,0.8762,0.88,0,0,0,1,FX,NFX
21-Jan-2019,USDEUR,0.8802,0.8804,0.878,0.8797,0,0,0,1,FX,NFX
22-Jan-2019,USDEUR,0.8798,0.882,0.8792,0.8802,0,0,0,1,FX,NFX
23-Jan-2019,USDEUR,0.8804,0.881,0.8777,0.8787,0,0,0,1,FX,NFX
24-Jan-2019,USDEUR,0.8787,0.8858,0.8779,0.8846,0,0,0,1,FX,NFX
25-Jan-2019,USDEUR,0.8846,0.8851,0.8759,0.8767,0,0,0,1,FX,NFX
28-Jan-2019,USDEUR,0.8771,0.8779,0.8739,0.8751,0,0,0,1,FX,NFX
29-Jan-2019,USDEUR,0.8748,0.8762,0.8734,0.8748,0,0,0,1,FX,NFX
30-Jan-2019,USDEUR,0.875,0.8765,0.8696,0.871,0,0,0,1,FX,NFX
31-Jan-2019,USDEUR,0.871,0.8743,0.8685,0.8736,0,0,0,1,FX,NFX
01-Feb-2019,USDEUR,0.8734,0.8745,0.8706,0.8731,0,0,0,1,FX,NFX
04-Feb-2019,USDEUR,0.8729,0.8752,0.8724,0.8744,0,0,0,1,FX,NFX
05-Feb-2019,USDEUR,0.8746,0.877,0.874,0.877,0,0,0,1,FX,NFX
06-Feb-2019,USDEUR,0.8769,0.8802,0.8763,0.8801,0,0,0,1,FX,NFX
07-Feb-2019,USDEUR,0.88,0.883,0.8795,0.8821,0,0,0,1,FX,NFX
08-Feb-2019,USDEUR,0.8821,0.8832,0.881,0.8831,0,0,0,1,FX,NFX
11-Feb-2019,USDEUR,0.8831,0.8875,0.8823,0.8869,0,0,0,1,FX,NFX
12-Feb-2019,USDEUR,0.8866,0.8881,0.8819,0.8829,0,0,0,1,FX,NFX
13-Feb-2019,USDEUR,0.8827,0.8881,0.8816,0.8881,0,0,0,1,FX,NFX
14-Feb-2019,USDEUR,0.888,0.889,0.8843,0.8855,0,0,0,1,FX,NFX
15-Feb-2019,USDEUR,0.8851,0.8901,0.8844,0.8851,0,0,0,1,FX,NFX
18-Feb-2019,USDEUR,0.8855,0.8859,0.8822,0.8842,0,0,0,1,FX,NFX
19-Feb-2019,USDEUR,0.8841,0.8869,0.8805,0.8819,0,0,0,1,FX,NFX
20-Feb-2019,USDEUR,0.882,0.883,0.8792,0.8821,0,0,0,1,FX,NFX
21-Feb-2019,USDEUR,0.8821,0.8832,0.8799,0.8823,0,0,0,1,FX,NFX
22-Feb-2019,USDEUR,0.8825,0.8837,0.8805,0.8824,0,0,0,1,FX,NFX
25-Feb-2019,USDEUR,0.8821,0.8824,0.8798,0.8805,0,0,0,1,FX,NFX
26-Feb-2019,USDEUR,0.879,0.8814,0.877,0.878,0,0,0,1,FX,NFX
27-Feb-2019,USDEUR,0.8779,0.88,0.877,0.8795,0,0,0,1,FX,NFX
28-Feb-2019,USDEUR,0.8797,0.8802,0.8756,0.8792,0,0,0,1,FX,NFX
01-Mar-2019,USDEUR,0.8795,0.8807,0.8766,0.8801,0,0,0,1,FX,NFX
04-Mar-2019,USDEUR,0.8789,0.8842,0.8787,0.8819,0,0,0,1,FX,NFX
05-Mar-2019,USDEUR,0.8821,0.8858,0.8818,0.8843,0,0,0,1,FX,NFX
06-Mar-2019,USDEUR,0.8844,0.8858,0.8831,0.8844,0,0,0,1,FX,NFX
07-Mar-2019,USDEUR,0.8843,0.8946,0.8834,0.8932,0,0,0,1,FX,NFX
08-Mar-2019,USDEUR,0.8936,0.8941,0.8892,0.8901,0,0,0,1,FX,NFX
11-Mar-2019,USDEUR,0.8901,0.8911,0.8882,0.8888,0,0,0,1,FX,NFX
12-Mar-2019,USDEUR,0.8887,0.8896,0.8845,0.8861,0,0,0,1,FX,NFX
13-Mar-2019,USDEUR,0.8854,0.8866,0.882,0.8826,0,0,0,1,FX,NFX
14-Mar-2019,USDEUR,0.8825,0.8854,0.882,0.8845,0,0,0,1,FX,NFX
15-Mar-2019,USDEUR,0.8846,0.8851,0.8816,0.8831,0,0,0,1,FX,NFX
18-Mar-2019,USDEUR,0.8834,0.8835,0.8802,0.8819,0,0,0,1,FX,NFX
19-Mar-2019,USDEUR,0.8819,0.8823,0.8801,0.8811,0,0,0,1,FX,NFX
20-Mar-2019,USDEUR,0.8807,0.8821,0.8737,0.8763,0,0,0,1,FX,NFX
21-Mar-2019,USDEUR,0.8763,0.8816,0.8741,0.879,0,0,0,1,FX,NFX
22-Mar-2019,USDEUR,0.8794,0.887,0.8779,0.885,0,0,0,1,FX,NFX
25-Mar-2019,USDEUR,0.8857,0.8862,0.8825,0.8839,0,0,0,1,FX,NFX
26-Mar-2019,USDEUR,0.8837,0.8879,0.883,0.8878,0,0,0,1,FX,NFX
27-Mar-2019,USDEUR,0.8873,0.8895,0.8861,0.8892,0,0,0,1,FX,NFX
28-Mar-2019,USDEUR,0.8895,0.8917,0.8879,0.891,0,0,0,1,FX,NFX
29-Mar-2019,USDEUR,0.8918,0.8921,0.8893,0.8915,0,0,0,1,FX,NFX
01-Apr-2019,USDEUR,0.891,0.8925,0.889,0.8918,0,0,0,1,FX,NFX
02-Apr-2019,USDEUR,0.8919,0.8942,0.8915,0.8924,0,0,0,1,FX,NFX
03-Apr-2019,USDEUR,0.8926,0.893,0.8884,0.8902,0,0,0,1,FX,NFX
04-Apr-2019,USDEUR,0.8902,0.8921,0.8888,0.8911,0,0,0,1,FX,NFX
05-Apr-2019,USDEUR,0.8913,0.892,0.8896,0.8916,0,0,0,1,FX,NFX
08-Apr-2019,USDEUR,0.8912,0.8922,0.887,0.8881,0,0,0,1,FX,NFX
09-Apr-2019,USDEUR,0.8881,0.8887,0.8861,0.8879,0,0,0,1,FX,NFX
10-Apr-2019,USDEUR,0.8884,0.8904,0.8861,0.8871,0,0,0,1,FX,NFX
11-Apr-2019,USDEUR,0.8867,0.8888,0.886,0.8882,0,0,0,1,FX,NFX
12-Apr-2019,USDEUR,0.889,0.8891,0.8831,0.8851,0,0,0,1,FX,NFX
15-Apr-2019,USDEUR,0.8846,0.8855,0.8832,0.8845,0,0,0,1,FX,NFX
16-Apr-2019,USDEUR,0.8852,0.8864,0.8839,0.8864,0,0,0,1,FX,NFX
17-Apr-2019,USDEUR,0.8864,0.8866,0.8831,0.8851,0,0,0,1,FX,NFX
18-Apr-2019,USDEUR,0.8851,0.8907,0.8846,0.8904,0,0,0,1,FX,NFX
19-Apr-2019,USDEUR,0.8905,0.8911,0.8887,0.8896,0,0,0,1,FX,NFX
22-Apr-2019,USDEUR,0.8896,0.89,0.8879,0.8883,0,0,0,1,FX,NFX
23-Apr-2019,USDEUR,0.8885,0.8935,0.8879,0.8906,0,0,0,1,FX,NFX
24-Apr-2019,USDEUR,0.8906,0.8976,0.8905,0.8966,0,0,0,1,FX,NFX
25-Apr-2019,USDEUR,0.8965,0.8992,0.896,0.8982,0,0,0,1,FX,NFX
26-Apr-2019,USDEUR,0.8982,0.899,0.8948,0.8972,0,0,0,1,FX,NFX
29-Apr-2019,USDEUR,0.897,0.8972,0.8938,0.8941,0,0,0,1,FX,NFX
30-Apr-2019,USDEUR,0.8942,0.8948,0.8906,0.8915,0,0,0,1,FX,NFX
01-May-2019,USDEUR,0.8915,0.8938,0.8879,0.8932,0,0,0,1,FX,NFX
02-May-2019,USDEUR,0.893,0.8952,0.8913,0.8951,0,0,0,1,FX,NFX
03-May-2019,USDEUR,0.8947,0.8976,0.8924,0.8926,0,0,0,1,FX,NFX
06-May-2019,USDEUR,0.8952,0.8952,0.8921,0.8928,0,0,0,1,FX,NFX
07-May-2019,USDEUR,0.8931,0.8955,0.8916,0.8936,0,0,0,1,FX,NFX
08-May-2019,USDEUR,0.8936,0.8942,0.8919,0.8935,0,0,0,1,FX,NFX
09-May-2019,USDEUR,0.8936,0.895,0.8888,0.8919,0,0,0,1,FX,NFX
10-May-2019,USDEUR,0.8905,0.8919,0.8887,0.8901,0,0,0,1,FX,NFX
13-May-2019,USDEUR,0.8901,0.8911,0.8879,0.8908,0,0,0,1,FX,NFX
14-May-2019,USDEUR,0.8915,0.8927,0.8892,0.8925,0,0,0,1,FX,NFX
15-May-2019,USDEUR,0.8923,0.8944,0.8911,0.8926,0,0,0,1,FX,NFX
16-May-2019,USDEUR,0.8926,0.8956,0.891,0.895,0,0,0,1,FX,NFX
17-May-2019,USDEUR,0.8947,0.8964,0.8942,0.8962,0,0,0,1,FX,NFX
20-May-2019,USDEUR,0.8958,0.8967,0.8946,0.8956,0,0,0,1,FX,NFX
21-May-2019,USDEUR,0.8958,0.8975,0.8942,0.8959,0,0,0,1,FX,NFX
22-May-2019,USDEUR,0.8962,0.897,0.8945,0.8967,0,0,0,1,FX,NFX
23-May-2019,USDEUR,0.8966,0.9002,0.894,0.8942,0,0,0,1,FX,NFX
24-May-2019,USDEUR,0.8941,0.8945,0.8918,0.8923,0,0,0,1,FX,NFX
27-May-2019,USDEUR,0.8921,0.8938,0.8916,0.8936,0,0,0,1,FX,NFX
28-May-2019,USDEUR,0.8933,0.8961,0.8931,0.8961,0,0,0,1,FX,NFX
29-May-2019,USDEUR,0.8961,0.899,0.8948,0.8983,0,0,0,1,FX,NFX
30-May-2019,USDEUR,0.8983,0.8996,0.8972,0.8982,0,0,0,1,FX,NFX
31-May-2019,USDEUR,0.8985,0.8988,0.8945,0.8953,0,0,0,1,FX,NFX
03-Jun-2019,USDEUR,0.8957,0.896,0.888,0.8896,0,0,0,1,FX,NFX
04-Jun-2019,USDEUR,0.8896,0.8906,0.8869,0.8886,0,0,0,1,FX,NFX
05-Jun-2019,USDEUR,0.8887,0.8912,0.8846,0.8912,0,0,0,1,FX,NFX
06-Jun-2019,USDEUR,0.8911,0.8912,0.8843,0.8869,0,0,0,1,FX,NFX
07-Jun-2019,USDEUR,0.8869,0.8887,0.8811,0.8823,0,0,0,1,FX,NFX
10-Jun-2019,USDEUR,0.8832,0.8857,0.8826,0.884,0,0,0,1,FX,NFX
11-Jun-2019,USDEUR,0.8841,0.8846,0.8819,0.883,0,0,0,1,FX,NFX
12-Jun-2019,USDEUR,0.8831,0.8862,0.8817,0.8857,0,0,0,1,FX,NFX
13-Jun-2019,USDEUR,0.8861,0.8872,0.8846,0.8867,0,0,0,1,FX,NFX
14-Jun-2019,USDEUR,0.8869,0.8926,0.8859,0.8921,0,0,0,1,FX,NFX
17-Jun-2019,USDEUR,0.8919,0.8924,0.8892,0.8915,0,0,0,1,FX,NFX
18-Jun-2019,USDEUR,0.8913,0.8943,0.8895,0.8932,0,0,0,1,FX,NFX
19-Jun-2019,USDEUR,0.8936,0.8939,0.8887,0.8904,0,0,0,1,FX,NFX
20-Jun-2019,USDEUR,0.8908,0.8908,0.8837,0.8857,0,0,0,1,FX,NFX
21-Jun-2019,USDEUR,0.8855,0.8862,0.8789,0.8796,0,0,0,1,FX,NFX
24-Jun-2019,USDEUR,0.8797,0.8798,0.8769,0.8772,0,0,0,1,FX,NFX
25-Jun-2019,USDEUR,0.8776,0.8815,0.8763,0.8796,0,0,0,1,FX,NFX
26-Jun-2019,USDEUR,0.8795,0.8812,0.8779,0.8797,0,0,0,1,FX,NFX
27-Jun-2019,USDEUR,0.8798,0.8811,0.8786,0.8796,0,0,0,1,FX,NFX
28-Jun-2019,USDEUR,0.8795,0.881,0.8778,0.8796,0,0,0,1,FX,NFX
01-Jul-2019,USDEUR,0.8801,0.8863,0.8795,0.8861,0,0,0,1,FX,NFX
02-Jul-2019,USDEUR,0.886,0.8869,0.884,0.8861,0,0,0,1,FX,NFX
03-Jul-2019,USDEUR,0.886,0.8873,0.8845,0.8867,0,0,0,1,FX,NFX
04-Jul-2019,USDEUR,0.8869,0.8871,0.8852,0.8861,0,0,0,1,FX,NFX
05-Jul-2019,USDEUR,0.8861,0.8921,0.8858,0.8907,0,0,0,1,FX,NFX
08-Jul-2019,USDEUR,0.8905,0.8922,0.8901,0.8918,0,0,0,1,FX,NFX
09-Jul-2019,USDEUR,0.8913,0.8932,0.8912,0.8922,0,0,0,1,FX,NFX
10-Jul-2019,USDEUR,0.8922,0.8926,0.8879,0.8888,0,0,0,1,FX,NFX
11-Jul-2019,USDEUR,0.8892,0.8892,0.8861,0.8884,0,0,0,1,FX,NFX
12-Jul-2019,USDEUR,0.8882,0.8897,0.8866,0.8872,0,0,0,1,FX,NFX
15-Jul-2019,USDEUR,0.8885,0.8885,0.8861,0.8882,0,0,0,1,FX,NFX
16-Jul-2019,USDEUR,0.8881,0.8926,0.8877,0.8921,0,0,0,1,FX,NFX
17-Jul-2019,USDEUR,0.8921,0.8928,0.8902,0.891,0,0,0,1,FX,NFX
18-Jul-2019,USDEUR,0.891,0.8922,0.8864,0.8867,0,0,0,1,FX,NFX
19-Jul-2019,USDEUR,0.887,0.8924,0.8863,0.8911,0,0,0,1,FX,NFX
22-Jul-2019,USDEUR,0.8913,0.8923,0.8907,0.8921,0,0,0,1,FX,NFX
23-Jul-2019,USDEUR,0.8921,0.8972,0.8918,0.8966,0,0,0,1,FX,NFX
24-Jul-2019,USDEUR,0.8966,0.8984,0.8963,0.8977,0,0,0,1,FX,NFX
25-Jul-2019,USDEUR,0.8975,0.9007,0.894,0.8972,0,0,0,1,FX,NFX
26-Jul-2019,USDEUR,0.8971,0.8999,0.8966,0.8985,0,0,0,1,FX,NFX
29-Jul-2019,USDEUR,0.8988,0.8998,0.8967,0.8972,0,0,0,1,FX,NFX
30-Jul-2019,USDEUR,0.8971,0.8982,0.896,0.8964,0,0,0,1,FX,NFX
31-Jul-2019,USDEUR,0.8963,0.9041,0.8958,0.9027,0,0,0,1,FX,NFX
01-Aug-2019,USDEUR,0.9028,0.9068,0.9012,0.9022,0,0,0,1,FX,NFX
02-Aug-2019,USDEUR,0.9028,0.9032,0.8996,0.9004,0,0,0,1,FX,NFX
05-Aug-2019,USDEUR,0.9,0.9005,0.8919,0.8926,0,0,0,1,FX,NFX
06-Aug-2019,USDEUR,0.8927,0.8952,0.8887,0.8923,0,0,0,1,FX,NFX
07-Aug-2019,USDEUR,0.8928,0.8944,0.8896,0.8927,0,0,0,1,FX,NFX
08-Aug-2019,USDEUR,0.8928,0.8946,0.8906,0.8944,0,0,0,1,FX,NFX
09-Aug-2019,USDEUR,0.8941,0.8948,0.8911,0.8927,0,0,0,1,FX,NFX
12-Aug-2019,USDEUR,0.8935,0.8959,0.8905,0.8917,0,0,0,1,FX,NFX
13-Aug-2019,USDEUR,0.8919,0.8952,0.8903,0.8947,0,0,0,1,FX,NFX
14-Aug-2019,USDEUR,0.8952,0.8983,0.8937,0.8979,0,0,0,1,FX,NFX
15-Aug-2019,USDEUR,0.8979,0.9014,0.896,0.8998,0,0,0,1,FX,NFX
16-Aug-2019,USDEUR,0.9001,0.9037,0.8996,0.9017,0,0,0,1,FX,NFX
19-Aug-2019,USDEUR,0.9012,0.9028,0.9001,0.9025,0,0,0,1,FX,NFX
20-Aug-2019,USDEUR,0.9028,0.9036,0.9002,0.9008,0,0,0,1,FX,NFX
21-Aug-2019,USDEUR,0.9011,0.9023,0.9002,0.902,0,0,0,1,FX,NFX
22-Aug-2019,USDEUR,0.9021,0.9038,0.9,0.9023,0,0,0,1,FX,NFX
23-Aug-2019,USDEUR,0.9021,0.9047,0.8965,0.8975,0,0,0,1,FX,NFX
26-Aug-2019,USDEUR,0.8965,0.9012,0.8958,0.9009,0,0,0,1,FX,NFX
27-Aug-2019,USDEUR,0.9006,0.902,0.8995,0.9018,0,0,0,1,FX,NFX
28-Aug-2019,USDEUR,0.9019,0.9029,0.9008,0.9025,0,0,0,1,FX,NFX
29-Aug-2019,USDEUR,0.9022,0.9052,0.9018,0.9041,0,0,0,1,FX,NFX
30-Aug-2019,USDEUR,0.9046,0.9122,0.904,0.9096,0,0,0,1,FX,NFX
02-Sep-2019,USDEUR,0.9093,0.9125,0.9093,0.9118,0,0,0,1,FX,NFX
03-Sep-2019,USDEUR,0.9119,0.9152,0.9108,0.9111,0,0,0,1,FX,NFX
04-Sep-2019,USDEUR,0.9113,0.9121,0.9061,0.9063,0,0,0,1,FX,NFX
05-Sep-2019,USDEUR,0.9063,0.9077,0.9022,0.9063,0,0,0,1,FX,NFX
06-Sep-2019,USDEUR,0.9057,0.9074,0.9045,0.9071,0,0,0,1,FX,NFX
09-Sep-2019,USDEUR,0.9067,0.9078,0.9036,0.9052,0,0,0,1,FX,NFX
10-Sep-2019,USDEUR,0.9054,0.9064,0.9042,0.9056,0,0,0,1,FX,NFX
11-Sep-2019,USDEUR,0.9058,0.9103,0.9043,0.908,0,0,0,1,FX,NFX
12-Sep-2019,USDEUR,0.9083,0.9149,0.9022,0.9039,0,0,0,1,FX,NFX
13-Sep-2019,USDEUR,0.9037,0.9045,0.9002,0.9031,0,0,0,1,FX,NFX
16-Sep-2019,USDEUR,0.9037,0.9096,0.9019,0.9088,0,0,0,1,FX,NFX
17-Sep-2019,USDEUR,0.9085,0.9098,0.9027,0.9032,0,0,0,1,FX,NFX
18-Sep-2019,USDEUR,0.9032,0.9078,0.9027,0.9067,0,0,0,1,FX,NFX
19-Sep-2019,USDEUR,0.9066,0.9072,0.9031,0.9058,0,0,0,1,FX,NFX
20-Sep-2019,USDEUR,0.9059,0.9093,0.9033,0.9074,0,0,0,1,FX,NFX
23-Sep-2019,USDEUR,0.9079,0.9119,0.9067,0.9097,0,0,0,1,FX,NFX
24-Sep-2019,USDEUR,0.9094,0.9103,0.9069,0.9074,0,0,0,1,FX,NFX
25-Sep-2019,USDEUR,0.9073,0.9143,0.9072,0.9138,0,0,0,1,FX,NFX
26-Sep-2019,USDEUR,0.9137,0.9165,0.9119,0.9158,0,0,0,1,FX,NFX
27-Sep-2019,USDEUR,0.9168,0.9168,0.9125,0.914,0,0,0,1,FX,NFX
30-Sep-2019,USDEUR,0.9141,0.9184,0.9133,0.9174,0,0,0,1,FX,NFX
01-Oct-2019,USDEUR,0.9173,0.919,0.9139,0.9147,0,0,0,1,FX,NFX
02-Oct-2019,USDEUR,0.9145,0.917,0.9122,0.9125,0,0,0,1,FX,NFX
03-Oct-2019,USDEUR,0.9124,0.914,0.9092,0.9121,0,0,0,1,FX,NFX
04-Oct-2019,USDEUR,0.9119,0.9125,0.9099,0.9108,0,0,0,1,FX,NFX
07-Oct-2019,USDEUR,0.9105,0.9123,0.9092,0.9116,0,0,0,1,FX,NFX
08-Oct-2019,USDEUR,0.9113,0.914,0.9093,0.9124,0,0,0,1,FX,NFX
09-Oct-2019,USDEUR,0.9126,0.913,0.9098,0.9117,0,0,0,1,FX,NFX
10-Oct-2019,USDEUR,0.9113,0.9114,0.9063,0.9086,0,0,0,1,FX,NFX
11-Oct-2019,USDEUR,0.9091,0.9092,0.904,0.9062,0,0,0,1,FX,NFX
14-Oct-2019,USDEUR,0.9067,0.9079,0.9054,0.9067,0,0,0,1,FX,NFX
15-Oct-2019,USDEUR,0.9067,0.9097,0.9052,0.9063,0,0,0,1,FX,NFX
16-Oct-2019,USDEUR,0.9061,0.9072,0.902,0.9032,0,0,0,1,FX,NFX
17-Oct-2019,USDEUR,0.9037,0.9037,0.8978,0.8987,0,0,0,1,FX,NFX
18-Oct-2019,USDEUR,0.8987,0.8997,0.8945,0.8945,0,0,0,1,FX,NFX
21-Oct-2019,USDEUR,0.8958,0.8977,0.8944,0.897,0,0,0,1,FX,NFX
22-Oct-2019,USDEUR,0.8965,0.8993,0.8962,0.899,0,0,0,1,FX,NFX
23-Oct-2019,USDEUR,0.8992,0.9003,0.8978,0.8983,0,0,0,1,FX,NFX
24-Oct-2019,USDEUR,0.8983,0.9014,0.896,0.9005,0,0,0,1,FX,NFX
25-Oct-2019,USDEUR,0.9003,0.9031,0.899,0.9026,0,0,0,1,FX,NFX
28-Oct-2019,USDEUR,0.9026,0.9031,0.9003,0.9008,0,0,0,1,FX,NFX
29-Oct-2019,USDEUR,0.9007,0.9029,0.8995,0.9001,0,0,0,1,FX,NFX
30-Oct-2019,USDEUR,0.9001,0.9024,0.8967,0.897,0,0,0,1,FX,NFX
31-Oct-2019,USDEUR,0.8973,0.8983,0.8948,0.8968,0,0,0,1,FX,NFX
01-Nov-2019,USDEUR,0.8962,0.8984,0.895,0.8956,0,0,0,1,FX,NFX
04-Nov-2019,USDEUR,0.8952,0.8988,0.8947,0.8985,0,0,0,1,FX,NFX
05-Nov-2019,USDEUR,0.8986,0.9039,0.8978,0.9032,0,0,0,1,FX,NFX
06-Nov-2019,USDEUR,0.9025,0.9038,0.9012,0.9037,0,0,0,1,FX,NFX
07-Nov-2019,USDEUR,0.9034,0.9061,0.9016,0.9049,0,0,0,1,FX,NFX
08-Nov-2019,USDEUR,0.9056,0.9077,0.9044,0.9076,0,0,0,1,FX,NFX
11-Nov-2019,USDEUR,0.9072,0.9077,0.9054,0.9063,0,0,0,1,FX,NFX
12-Nov-2019,USDEUR,0.9063,0.9087,0.9059,0.9083,0,0,0,1,FX,NFX
13-Nov-2019,USDEUR,0.9084,0.9094,0.9073,0.9085,0,0,0,1,FX,NFX
14-Nov-2019,USDEUR,0.9085,0.91,0.9067,0.9073,0,0,0,1,FX,NFX
15-Nov-2019,USDEUR,0.9073,0.9079,0.9043,0.9047,0,0,0,1,FX,NFX
18-Nov-2019,USDEUR,0.9046,0.9052,0.9018,0.9031,0,0,0,1,FX,NFX
19-Nov-2019,USDEUR,0.9032,0.9039,0.9021,0.9026,0,0,0,1,FX,NFX
20-Nov-2019,USDEUR,0.9027,0.9047,0.9023,0.9032,0,0,0,1,FX,NFX
21-Nov-2019,USDEUR,0.9031,0.9045,0.9009,0.9042,0,0,0,1,FX,NFX
22-Nov-2019,USDEUR,0.9046,0.9078,0.9023,0.9076,0,0,0,1,FX,NFX
25-Nov-2019,USDEUR,0.9074,0.9087,0.9063,0.9082,0,0,0,1,FX,NFX
26-Nov-2019,USDEUR,0.9081,0.9084,0.9068,0.9073,0,0,0,1,FX,NFX
27-Nov-2019,USDEUR,0.9079,0.9097,0.9067,0.9092,0,0,0,1,FX,NFX
28-Nov-2019,USDEUR,0.9088,0.9091,0.9074,0.9082,0,0,0,1,FX,NFX
29-Nov-2019,USDEUR,0.908,0.9105,0.9068,0.9074,0,0,0,1,FX,NFX
02-Dec-2019,USDEUR,0.9069,0.9087,0.9019,0.9025,0,0,0,1,FX,NFX
03-Dec-2019,USDEUR,0.9023,0.9037,0.9014,0.9025,0,0,0,1,FX,NFX
04-Dec-2019,USDEUR,0.9023,0.9036,0.8999,0.9026,0,0,0,1,FX,NFX
05-Dec-2019,USDEUR,0.9026,0.9027,0.9001,0.9005,0,0,0,1,FX,NFX
06-Dec-2019,USDEUR,0.9003,0.9058,0.9,0.9042,0,0,0,1,FX,NFX
09-Dec-2019,USDEUR,0.9043,0.9046,0.9026,0.9038,0,0,0,1,FX,NFX
10-Dec-2019,USDEUR,0.904,0.904,0.9009,0.9012,0,0,0,1,FX,NFX
11-Dec-2019,USDEUR,0.9017,0.9032,0.8972,0.8982,0,0,0,1,FX,NFX
12-Dec-2019,USDEUR,0.8985,0.9005,0.8966,0.8983,0,0,0,1,FX,NFX
13-Dec-2019,USDEUR,0.8964,0.9,0.893,0.8995,0,0,0,1,FX,NFX
16-Dec-2019,USDEUR,0.8986,0.8991,0.8963,0.8973,0,0,0,1,FX,NFX
17-Dec-2019,USDEUR,0.8966,0.8984,0.895,0.897,0,0,0,1,FX,NFX
18-Dec-2019,USDEUR,0.8965,0.9,0.8962,0.8998,0,0,0,1,FX,NFX
19-Dec-2019,USDEUR,0.8998,0.9002,0.8973,0.8993,0,0,0,1,FX,NFX
20-Dec-2019,USDEUR,0.8991,0.9037,0.8987,0.9029,0,0,0,1,FX,NFX
23-Dec-2019,USDEUR,0.9022,0.9033,0.9012,0.9014,0,0,0,1,FX,NFX
24-Dec-2019,USDEUR,0.9021,0.9033,0.9002,0.9017,0,0,0,1,FX,NFX
25-Dec-2019,USDEUR,0.9022,0.9045,0.8995,0.902,0,0,0,1,FX,NFX
26-Dec-2019,USDEUR,0.9022,0.9048,0.9002,0.9012,0,0,0,1,FX,NFX
27-Dec-2019,USDEUR,0.902,0.902,0.8936,0.8946,0,0,0,1,FX,NFX
30-Dec-2019,USDEUR,0.8943,0.8952,0.8911,0.8927,0,0,0,1,FX,NFX
31-Dec-2019,USDEUR,0.893,0.893,0.8896,0.892,0,0,0,1,FX,NFX
01-Jan-2020,USDEUR,0.8913,0.8922,0.889,0.8918,0,0,0,1,FX,NFX
02-Jan-2020,USDEUR,0.8907,0.8958,0.8907,0.8952,0,0,0,1,FX,NFX
03-Jan-2020,USDEUR,0.8956,0.8988,0.8942,0.8962,0,0,0,1,FX,NFX
06-Jan-2020,USDEUR,0.8953,0.8965,0.8922,0.8931,0,0,0,1,FX,NFX
07-Jan-2020,USDEUR,0.8931,0.8982,0.8927,0.8965,0,0,0,1,FX,NFX
08-Jan-2020,USDEUR,0.8966,0.9006,0.8955,0.9006,0,0,0,1,FX,NFX
09-Jan-2020,USDEUR,0.9006,0.9013,0.8992,0.9004,0,0,0,1,FX,NFX
10-Jan-2020,USDEUR,0.9005,0.9021,0.8983,0.8992,0,0,0,1,FX,NFX
13-Jan-2020,USDEUR,0.8995,0.8999,0.8971,0.8982,0,0,0,1,FX,NFX
14-Jan-2020,USDEUR,0.898,0.9004,0.8971,0.8987,0,0,0,1,FX,NFX
15-Jan-2020,USDEUR,0.8985,0.8993,0.8958,0.8967,0,0,0,1,FX,NFX
16-Jan-2020,USDEUR,0.8967,0.8985,0.8948,0.8981,0,0,0,1,FX,NFX
17-Jan-2020,USDEUR,0.898,0.902,0.8972,0.9018,0,0,0,1,FX,NFX
20-Jan-2020,USDEUR,0.9014,0.9027,0.9004,0.9012,0,0,0,1,FX,NFX
21-Jan-2020,USDEUR,0.9012,0.9024,0.8993,0.9023,0,0,0,1,FX,NFX
22-Jan-2020,USDEUR,0.9019,0.9032,0.9008,0.9013,0,0,0,1,FX,NFX
23-Jan-2020,USDEUR,0.9014,0.9061,0.9002,0.9042,0,0,0,1,FX,NFX
24-Jan-2020,USDEUR,0.9045,0.9073,0.904,0.9069,0,0,0,1,FX,NFX
27-Jan-2020,USDEUR,0.9066,0.9083,0.9057,0.9074,0,0,0,1,FX,NFX
28-Jan-2020,USDEUR,0.9076,0.9092,0.9069,0.9073,0,0,0,1,FX,NFX
29-Jan-2020,USDEUR,0.9072,0.9098,0.9065,0.9083,0,0,0,1,FX,NFX
30-Jan-2020,USDEUR,0.9084,0.9086,0.9059,0.9065,0,0,0,1,FX,NFX
31-Jan-2020,USDEUR,0.9061,0.9077,0.9012,0.9013,0,0,0,1,FX,NFX
03-Feb-2020,USDEUR,0.9016,0.9056,0.9014,0.9041,0,0,0,1,FX,NFX
04-Feb-2020,USDEUR,0.9044,0.9063,0.9036,0.9054,0,0,0,1,FX,NFX
05-Feb-2020,USDEUR,0.9058,0.9096,0.9049,0.9092,0,0,0,1,FX,NFX
06-Feb-2020,USDEUR,0.9093,0.9121,0.9082,0.9106,0,0,0,1,FX,NFX
07-Feb-2020,USDEUR,0.9107,0.914,0.91,0.9137,0,0,0,1,FX,NFX
10-Feb-2020,USDEUR,0.9129,0.9166,0.9123,0.9165,0,0,0,1,FX,NFX
11-Feb-2020,USDEUR,0.9165,0.9179,0.9152,0.9161,0,0,0,1,FX,NFX
12-Feb-2020,USDEUR,0.9161,0.9204,0.9153,0.9198,0,0,0,1,FX,NFX
13-Feb-2020,USDEUR,0.9197,0.9229,0.9183,0.9225,0,0,0,1,FX,NFX
14-Feb-2020,USDEUR,0.9223,0.9234,0.9206,0.9233,0,0,0,1,FX,NFX
17-Feb-2020,USDEUR,0.9224,0.9235,0.9214,0.9228,0,0,0,1,FX,NFX
18-Feb-2020,USDEUR,0.9229,0.927,0.9224,0.9265,0,0,0,1,FX,NFX
19-Feb-2020,USDEUR,0.9266,0.9274,0.9248,0.9253,0,0,0,1,FX,NFX
20-Feb-2020,USDEUR,0.9254,0.9276,0.9241,0.9274,0,0,0,1,FX,NFX
21-Feb-2020,USDEUR,0.9269,0.9273,0.9204,0.9217,0,0,0,1,FX,NFX
24-Feb-2020,USDEUR,0.9226,0.9253,0.9197,0.9213,0,0,0,1,FX,NFX
25-Feb-2020,USDEUR,0.9214,0.9234,0.9183,0.9189,0,0,0,1,FX,NFX
26-Feb-2020,USDEUR,0.9188,0.9212,0.9169,0.919,0,0,0,1,FX,NFX
27-Feb-2020,USDEUR,0.9189,0.9192,0.9085,0.9089,0,0,0,1,FX,NFX
28-Feb-2020,USDEUR,0.9089,0.9132,0.9047,0.9067,0,0,0,1,FX,NFX
02-Mar-2020,USDEUR,0.906,0.9061,0.8942,0.8982,0,0,0,1,FX,NFX
03-Mar-2020,USDEUR,0.8983,0.9011,0.8921,0.8952,0,0,0,1,FX,NFX
04-Mar-2020,USDEUR,0.8946,0.9012,0.8942,0.8981,0,0,0,1,FX,NFX
05-Mar-2020,USDEUR,0.8977,0.8992,0.8892,0.8897,0,0,0,1,FX,NFX
06-Mar-2020,USDEUR,0.89,0.8918,0.8807,0.8858,0,0,0,1,FX,NFX
09-Mar-2020,USDEUR,0.8811,0.8818,0.8708,0.874,0,0,0,1,FX,NFX
10-Mar-2020,USDEUR,0.874,0.8865,0.8726,0.8861,0,0,0,1,FX,NFX
11-Mar-2020,USDEUR,0.8858,0.8882,0.8799,0.8871,0,0,0,1,FX,NFX
12-Mar-2020,USDEUR,0.8881,0.9042,0.8821,0.8942,0,0,0,1,FX,NFX
13-Mar-2020,USDEUR,0.8956,0.9044,0.8913,0.9007,0,0,0,1,FX,NFX
16-Mar-2020,USDEUR,0.9037,0.9037,0.89,0.8952,0,0,0,1,FX,NFX
17-Mar-2020,USDEUR,0.8941,0.9126,0.8936,0.9092,0,0,0,1,FX,NFX
18-Mar-2020,USDEUR,0.9093,0.9255,0.9054,0.9159,0,0,0,1,FX,NFX
19-Mar-2020,USDEUR,0.9164,0.9385,0.9108,0.9353,0,0,0,1,FX,NFX
20-Mar-2020,USDEUR,0.9354,0.9399,0.9234,0.9345,0,0,0,1,FX,NFX
23-Mar-2020,USDEUR,0.9333,0.94,0.9237,0.9325,0,0,0,1,FX,NFX
24-Mar-2020,USDEUR,0.9319,0.9341,0.9183,0.9261,0,0,0,1,FX,NFX
25-Mar-2020,USDEUR,0.9263,0.9289,0.9178,0.919,0,0,0,1,FX,NFX
26-Mar-2020,USDEUR,0.9186,0.9199,0.9042,0.9063,0,0,0,1,FX,NFX
27-Mar-2020,USDEUR,0.9061,0.9128,0.8972,0.8982,0,0,0,1,FX,NFX
30-Mar-2020,USDEUR,0.8992,0.9082,0.8975,0.9057,0,0,0,1,FX,NFX
31-Mar-2020,USDEUR,0.9052,0.9149,0.9043,0.9063,0,0,0,1,FX,NFX
01-Apr-2020,USDEUR,0.9056,0.9172,0.9053,0.9118,0,0,0,1,FX,NFX
02-Apr-2020,USDEUR,0.9118,0.9242,0.9112,0.9206,0,0,0,1,FX,NFX
03-Apr-2020,USDEUR,0.9205,0.9282,0.9202,0.9254,0,0,0,1,FX,NFX
06-Apr-2020,USDEUR,0.9226,0.9284,0.9226,0.9268,0,0,0,1,FX,NFX
07-Apr-2020,USDEUR,0.9267,0.9274,0.9158,0.9182,0,0,0,1,FX,NFX
08-Apr-2020,USDEUR,0.9183,0.9233,0.917,0.9213,0,0,0,1,FX,NFX
09-Apr-2020,USDEUR,0.9207,0.9224,0.9132,0.915,0,0,0,1,FX,NFX
10-Apr-2020,USDEUR,0.915,0.9161,0.9127,0.915,0,0,0,1,FX,NFX
13-Apr-2020,USDEUR,0.9133,0.918,0.9119,0.9166,0,0,0,1,FX,NFX
14-Apr-2020,USDEUR,0.9169,0.917,0.9101,0.9104,0,0,0,1,FX,NFX
15-Apr-2020,USDEUR,0.9105,0.921,0.9099,0.9163,0,0,0,1,FX,NFX
16-Apr-2020,USDEUR,0.9166,0.9244,0.9162,0.9225,0,0,0,1,FX,NFX
17-Apr-2020,USDEUR,0.9225,0.9248,0.9182,0.9199,0,0,0,1,FX,NFX
20-Apr-2020,USDEUR,0.9202,0.9224,0.9177,0.9205,0,0,0,1,FX,NFX
21-Apr-2020,USDEUR,0.9209,0.9244,0.9193,0.9212,0,0,0,1,FX,NFX
22-Apr-2020,USDEUR,0.9209,0.9255,0.9188,0.924,0,0,0,1,FX,NFX
23-Apr-2020,USDEUR,0.9241,0.9295,0.9222,0.9279,0,0,0,1,FX,NFX
24-Apr-2020,USDEUR,0.9276,0.9321,0.9234,0.9235,0,0,0,1,FX,NFX
27-Apr-2020,USDEUR,0.9241,0.9249,0.9208,0.9234,0,0,0,1,FX,NFX
28-Apr-2020,USDEUR,0.9242,0.925,0.9184,0.9243,0,0,0,1,FX,NFX
29-Apr-2020,USDEUR,0.9242,0.9244,0.9187,0.9193,0,0,0,1,FX,NFX
30-Apr-2020,USDEUR,0.9194,0.9228,0.9118,0.913,0,0,0,1,FX,NFX
01-May-2020,USDEUR,0.9128,0.9145,0.9079,0.9106,0,0,0,1,FX,NFX
04-May-2020,USDEUR,0.9114,0.9178,0.9113,0.9173,0,0,0,1,FX,NFX
05-May-2020,USDEUR,0.9169,0.9235,0.9153,0.9228,0,0,0,1,FX,NFX
06-May-2020,USDEUR,0.9224,0.9274,0.9215,0.9263,0,0,0,1,FX,NFX
07-May-2020,USDEUR,0.9263,0.9287,0.9229,0.923,0,0,0,1,FX,NFX
08-May-2020,USDEUR,0.9229,0.9245,0.9195,0.9224,0,0,0,1,FX,NFX
11-May-2020,USDEUR,0.9225,0.9258,0.9214,0.9258,0,0,0,1,FX,NFX
12-May-2020,USDEUR,0.9252,0.9273,0.9186,0.9219,0,0,0,1,FX,NFX
13-May-2020,USDEUR,0.9219,0.9248,0.9181,0.9244,0,0,0,1,FX,NFX
14-May-2020,USDEUR,0.9244,0.928,0.9238,0.9255,0,0,0,1,FX,NFX
15-May-2020,USDEUR,0.9247,0.9267,0.9218,0.9243,0,0,0,1,FX,NFX
18-May-2020,USDEUR,0.9248,0.9259,0.9153,0.9162,0,0,0,1,FX,NFX
19-May-2020,USDEUR,0.9159,0.9173,0.9113,0.9154,0,0,0,1,FX,NFX
20-May-2020,USDEUR,0.9161,0.9161,0.9093,0.9107,0,0,0,1,FX,NFX
21-May-2020,USDEUR,0.9108,0.913,0.9084,0.9103,0,0,934,1,FX,NFX
22-May-2020,USDEUR,0.9123,0.9185,0.9123,0.9173,0,0,0,1,FX,NFX
25-May-2020,USDEUR,0.9163,0.92,0.9161,0.9184,0,0,0,1,FX,NFX
26-May-2020,USDEUR,0.9173,0.9181,0.9093,0.9105,0,0,0,1,FX,NFX
27-May-2020,USDEUR,0.9103,0.9144,0.9064,0.9083,0,0,0,1,FX,NFX
28-May-2020,USDEUR,0.9084,0.9098,0.9014,0.9027,0,0,0,1,FX,NFX
29-May-2020,USDEUR,0.9028,0.9032,0.8972,0.9004,0,0,0,1,FX,NFX
01-Jun-2020,USDEUR,0.8993,0.9007,0.8966,0.8982,0,0,0,1,FX,NFX
02-Jun-2020,USDEUR,0.898,0.8997,0.893,0.8955,0,0,0,1,FX,NFX
03-Jun-2020,USDEUR,0.8952,0.8955,0.8886,0.8902,0,0,0,1,FX,NFX
04-Jun-2020,USDEUR,0.8901,0.8932,0.88,0.8821,0,0,0,1,FX,NFX
05-Jun-2020,USDEUR,0.8817,0.8865,0.8784,0.8858,0,0,0,1,FX,NFX
08-Jun-2020,USDEUR,0.8864,0.8873,0.8834,0.8856,0,0,0,1,FX,NFX
09-Jun-2020,USDEUR,0.8854,0.8896,0.88,0.8821,0,0,0,1,FX,NFX
10-Jun-2020,USDEUR,0.8814,0.8824,0.8758,0.8791,0,0,0,1,FX,NFX
11-Jun-2020,USDEUR,0.8792,0.8859,0.8772,0.8851,0,0,0,1,FX,NFX
12-Jun-2020,USDEUR,0.8851,0.8918,0.8817,0.8885,0,0,0,1,FX,NFX
15-Jun-2020,USDEUR,0.8898,0.8906,0.8825,0.8831,0,0,0,1,FX,NFX
16-Jun-2020,USDEUR,0.8831,0.8904,0.8809,0.8881,0,0,0,1,FX,NFX
17-Jun-2020,USDEUR,0.888,0.8921,0.8856,0.8896,0,0,0,1,FX,NFX
18-Jun-2020,USDEUR,0.8892,0.8938,0.8881,0.8924,0,0,0,1,FX,NFX
19-Jun-2020,USDEUR,0.8923,0.8951,0.8885,0.8946,0,0,0,1,FX,NFX
22-Jun-2020,USDEUR,0.8946,0.8953,0.8873,0.8873,0,0,0,1,FX,NFX
23-Jun-2020,USDEUR,0.8881,0.8901,0.8811,0.8842,0,0,0,1,FX,NFX
24-Jun-2020,USDEUR,0.8841,0.889,0.8827,0.8888,0,0,0,1,FX,NFX
25-Jun-2020,USDEUR,0.8887,0.8933,0.8881,0.8915,0,0,0,1,FX,NFX
26-Jun-2020,USDEUR,0.8911,0.8931,0.8898,0.8913,0,0,0,1,FX,NFX
29-Jun-2020,USDEUR,0.8916,0.8918,0.886,0.8895,0,0,0,1,FX,NFX
30-Jun-2020,USDEUR,0.8897,0.8935,0.8881,0.8902,0,0,0,1,FX,NFX
01-Jul-2020,USDEUR,0.8903,0.8938,0.8871,0.8887,0,0,0,1,FX,NFX
02-Jul-2020,USDEUR,0.8888,0.891,0.8847,0.8898,0,0,0,1,FX,NFX
03-Jul-2020,USDEUR,0.8899,0.8912,0.8887,0.8898,0,0,0,1,FX,NFX
06-Jul-2020,USDEUR,0.8893,0.8895,0.8815,0.8842,0,0,0,1,FX,NFX
07-Jul-2020,USDEUR,0.8843,0.8881,0.8824,0.8871,0,0,0,1,FX,NFX
08-Jul-2020,USDEUR,0.8871,0.8879,0.881,0.8825,0,0,0,1,FX,NFX
09-Jul-2020,USDEUR,0.8821,0.8864,0.8795,0.8861,0,0,0,1,FX,NFX
10-Jul-2020,USDEUR,0.8861,0.8883,0.8829,0.8851,0,0,0,1,FX,NFX
13-Jul-2020,USDEUR,0.8856,0.8856,0.8789,0.8814,0,0,0,1,FX,NFX
14-Jul-2020,USDEUR,0.8817,0.8829,0.8762,0.877,0,0,0,1,FX,NFX
15-Jul-2020,USDEUR,0.8771,0.8779,0.8733,0.8762,0,0,0,1,FX,NFX
16-Jul-2020,USDEUR,0.8764,0.8794,0.874,0.8785,0,0,0,1,FX,NFX
17-Jul-2020,USDEUR,0.8784,0.8789,0.8737,0.8752,0,0,0,1,FX,NFX
20-Jul-2020,USDEUR,0.8751,0.8766,0.872,0.8736,0,0,0,1,FX,NFX
21-Jul-2020,USDEUR,0.8738,0.8752,0.8665,0.8674,0,0,0,1,FX,NFX
22-Jul-2020,USDEUR,0.8677,0.8689,0.862,0.8642,0,0,0,1,FX,NFX
23-Jul-2020,USDEUR,0.8641,0.8662,0.8601,0.8623,0,0,0,1,FX,NFX
24-Jul-2020,USDEUR,0.862,0.8634,0.8578,0.858,0,0,0,1,FX,NFX
27-Jul-2020,USDEUR,0.8587,0.8592,0.8488,0.8509,0,0,0,1,FX,NFX
28-Jul-2020,USDEUR,0.8504,0.8548,0.8493,0.8535,0,0,0,1,FX,NFX
29-Jul-2020,USDEUR,0.8536,0.8537,0.8472,0.8478,0,0,0,1,FX,NFX
30-Jul-2020,USDEUR,0.848,0.8522,0.8438,0.8439,0,0,0,1,FX,NFX
31-Jul-2020,USDEUR,0.8441,0.8498,0.8398,0.8494,0,0,0,1,FX,NFX
03-Aug-2020,USDEUR,0.8498,0.8547,0.8478,0.8499,0,0,0,1,FX,NFX
04-Aug-2020,USDEUR,0.8501,0.8529,0.8469,0.8474,0,0,0,1,FX,NFX
05-Aug-2020,USDEUR,0.8481,0.8481,0.8399,0.8427,0,0,0,1,FX,NFX
06-Aug-2020,USDEUR,0.8427,0.8461,0.8393,0.8418,0,0,0,1,FX,NFX
07-Aug-2020,USDEUR,0.842,0.8507,0.8411,0.8484,0,0,0,1,FX,NFX
10-Aug-2020,USDEUR,0.848,0.852,0.8474,0.8519,0,0,0,1,FX,NFX
11-Aug-2020,USDEUR,0.8518,0.853,0.8471,0.8517,0,0,0,1,FX,NFX
12-Aug-2020,USDEUR,0.8518,0.8538,0.8466,0.8486,0,0,0,1,FX,NFX
13-Aug-2020,USDEUR,0.8481,0.8488,0.8428,0.8464,0,0,0,1,FX,NFX
14-Aug-2020,USDEUR,0.8466,0.8487,0.8437,0.8446,0,0,0,1,FX,NFX
17-Aug-2020,USDEUR,0.8447,0.8454,0.8415,0.8422,0,0,0,1,FX,NFX
18-Aug-2020,USDEUR,0.8422,0.8427,0.8358,0.8382,0,0,0,1,FX,NFX
19-Aug-2020,USDEUR,0.8381,0.8452,0.8366,0.8447,0,0,0,1,FX,NFX
20-Aug-2020,USDEUR,0.8444,0.8471,0.8426,0.8431,0,0,0,1,FX,NFX
21-Aug-2020,USDEUR,0.8432,0.8508,0.8414,0.8477,0,0,0,1,FX,NFX
24-Aug-2020,USDEUR,0.848,0.8486,0.8438,0.8484,0,0,0,1,FX,NFX
25-Aug-2020,USDEUR,0.8478,0.8486,0.8443,0.8449,0,0,0,1,FX,NFX
26-Aug-2020,USDEUR,0.8449,0.8493,0.8442,0.8453,0,0,0,1,FX,NFX
27-Aug-2020,USDEUR,0.8449,0.8498,0.8402,0.8458,0,0,0,1,FX,NFX
28-Aug-2020,USDEUR,0.8458,0.8466,0.8388,0.8398,0,0,0,1,FX,NFX
31-Aug-2020,USDEUR,0.84,0.8415,0.8358,0.8377,0,0,0,1,FX,NFX
01-Sep-2020,USDEUR,0.8377,0.8401,0.8327,0.8396,0,0,0,1,FX,NFX
02-Sep-2020,USDEUR,0.8396,0.8458,0.838,0.8435,0,0,0,1,FX,NFX
03-Sep-2020,USDEUR,0.8438,0.8481,0.8427,0.8438,0,0,0,1,FX,NFX
04-Sep-2020,USDEUR,0.8437,0.8488,0.8428,0.8448,0,0,0,1,FX,NFX
07-Sep-2020,USDEUR,0.8458,0.8466,0.8436,0.8464,0,0,0,1,FX,NFX
08-Sep-2020,USDEUR,0.8469,0.8498,0.8456,0.8494,0,0,0,1,FX,NFX
09-Sep-2020,USDEUR,0.8497,0.8507,0.8454,0.8472,0,0,0,1,FX,NFX
10-Sep-2020,USDEUR,0.8476,0.8476,0.8394,0.8464,0,0,0,1,FX,NFX
11-Sep-2020,USDEUR,0.8462,0.8467,0.8419,0.8442,0,0,0,1,FX,NFX
14-Sep-2020,USDEUR,0.8441,0.8452,0.8412,0.8429,0,0,0,1,FX,NFX
15-Sep-2020,USDEUR,0.8426,0.8446,0.8402,0.844,0,0,0,1,FX,NFX
16-Sep-2020,USDEUR,0.8439,0.8481,0.8417,0.846,0,0,0,1,FX,NFX
17-Sep-2020,USDEUR,0.8461,0.8516,0.8435,0.844,0,0,0,1,FX,NFX
18-Sep-2020,USDEUR,0.8441,0.8453,0.8426,0.8443,0,0,0,1,FX,NFX
21-Sep-2020,USDEUR,0.8444,0.8523,0.8422,0.8493,0,0,0,1,FX,NFX
22-Sep-2020,USDEUR,0.8498,0.8553,0.8491,0.854,0,0,0,1,FX,NFX
23-Sep-2020,USDEUR,0.854,0.8581,0.8533,0.8573,0,0,0,1,FX,NFX
24-Sep-2020,USDEUR,0.8579,0.8599,0.8557,0.8572,0,0,0,1,FX,NFX
25-Sep-2020,USDEUR,0.8569,0.861,0.8557,0.8599,0,0,0,1,FX,NFX
28-Sep-2020,USDEUR,0.8614,0.8614,0.8561,0.8572,0,0,0,1,FX,NFX
29-Sep-2020,USDEUR,0.8576,0.8576,0.8512,0.8515,0,0,0,1,FX,NFX
30-Sep-2020,USDEUR,0.8517,0.8558,0.8507,0.853,0,0,0,1,FX,NFX
01-Oct-2020,USDEUR,0.853,0.8535,0.8497,0.8515,0,0,0,1,FX,NFX
02-Oct-2020,USDEUR,0.8513,0.8548,0.8502,0.8535,0,0,0,1,FX,NFX
05-Oct-2020,USDEUR,0.8537,0.8547,0.8477,0.8484,0,0,0,1,FX,NFX
06-Oct-2020,USDEUR,0.8484,0.8523,0.8468,0.8522,0,0,0,1,FX,NFX
07-Oct-2020,USDEUR,0.8519,0.8528,0.8486,0.8499,0,0,0,1,FX,NFX
08-Oct-2020,USDEUR,0.8498,0.8521,0.8487,0.8504,0,0,0,1,FX,NFX
09-Oct-2020,USDEUR,0.8503,0.8508,0.8453,0.8453,0,0,0,1,FX,NFX
12-Oct-2020,USDEUR,0.8463,0.8483,0.8461,0.8464,0,0,0,1,FX,NFX
13-Oct-2020,USDEUR,0.8461,0.8523,0.8459,0.8512,0,0,0,1,FX,NFX
14-Oct-2020,USDEUR,0.8514,0.8532,0.8495,0.8514,0,0,0,1,FX,NFX
15-Oct-2020,USDEUR,0.8516,0.8555,0.8503,0.8538,0,0,0,1,FX,NFX
16-Oct-2020,USDEUR,0.854,0.8552,0.8513,0.8535,0,0,0,1,FX,NFX
19-Oct-2020,USDEUR,0.8541,0.8544,0.8478,0.8496,0,0,0,1,FX,NFX
20-Oct-2020,USDEUR,0.8495,0.8502,0.8446,0.8458,0,0,0,1,FX,NFX
21-Oct-2020,USDEUR,0.8461,0.8461,0.8415,0.8431,0,0,0,1,FX,NFX
22-Oct-2020,USDEUR,0.8432,0.8463,0.8424,0.8461,0,0,0,1,FX,NFX
23-Oct-2020,USDEUR,0.846,0.8483,0.8428,0.8432,0,0,0,1,FX,NFX
26-Oct-2020,USDEUR,0.8434,0.8473,0.8433,0.8464,0,0,0,1,FX,NFX
27-Oct-2020,USDEUR,0.8466,0.8478,0.8447,0.8478,0,0,0,1,FX,NFX
28-Oct-2020,USDEUR,0.8476,0.8534,0.8476,0.8512,0,0,0,1,FX,NFX
29-Oct-2020,USDEUR,0.8509,0.8583,0.8502,0.8567,0,0,0,1,FX,NFX
30-Oct-2020,USDEUR,0.8572,0.859,0.8544,0.8585,0,0,0,1,FX,NFX
02-Nov-2020,USDEUR,0.8588,0.8603,0.8579,0.859,0,0,0,1,FX,NFX
03-Nov-2020,USDEUR,0.8592,0.8594,0.8518,0.8533,0,0,0,1,FX,NFX
04-Nov-2020,USDEUR,0.8536,0.8616,0.8498,0.8529,0,0,0,1,FX,NFX
05-Nov-2020,USDEUR,0.8528,0.8538,0.8433,0.8454,0,0,0,1,FX,NFX
06-Nov-2020,USDEUR,0.8454,0.8477,0.8411,0.8421,0,0,0,1,FX,NFX
09-Nov-2020,USDEUR,0.8411,0.8477,0.8389,0.8466,0,0,0,1,FX,NFX
10-Nov-2020,USDEUR,0.8465,0.8489,0.8444,0.8464,0,0,0,1,FX,NFX
11-Nov-2020,USDEUR,0.846,0.8514,0.8451,0.8489,0,0,0,1,FX,NFX
12-Nov-2020,USDEUR,0.8492,0.8505,0.8459,0.847,0,0,0,1,FX,NFX
13-Nov-2020,USDEUR,0.8471,0.8476,0.8448,0.845,0,0,0,1,FX,NFX
16-Nov-2020,USDEUR,0.8453,0.8464,0.8435,0.8437,0,0,0,1,FX,NFX
17-Nov-2020,USDEUR,0.8439,0.8441,0.8409,0.8431,0,0,0,1,FX,NFX
18-Nov-2020,USDEUR,0.8427,0.8439,0.8411,0.8437,0,0,0,1,FX,NFX
19-Nov-2020,USDEUR,0.8436,0.8461,0.8416,0.8421,0,0,0,1,FX,NFX
20-Nov-2020,USDEUR,0.8419,0.8438,0.8411,0.8436,0,0,0,1,FX,NFX
23-Nov-2020,USDEUR,0.8432,0.8474,0.8398,0.8442,0,0,0,1,FX,NFX
24-Nov-2020,USDEUR,0.8443,0.8448,0.8406,0.8408,0,0,0,1,FX,NFX
25-Nov-2020,USDEUR,0.8409,0.8417,0.8382,0.8392,0,0,0,1,FX,NFX
26-Nov-2020,USDEUR,0.8392,0.8413,0.8374,0.8394,0,0,0,1,FX,NFX
27-Nov-2020,USDEUR,0.8393,0.8398,0.8356,0.8356,0,0,0,1,FX,NFX
30-Nov-2020,USDEUR,0.8357,0.8387,0.8333,0.8387,0,0,0,1,FX,NFX
01-Dec-2020,USDEUR,0.8382,0.8384,0.828,0.8285,0,0,0,1,FX,NFX
02-Dec-2020,USDEUR,0.8283,0.8306,0.8251,0.8252,0,0,0,1,FX,NFX
03-Dec-2020,USDEUR,0.8257,0.8263,0.8212,0.823,0,0,0,1,FX,NFX
04-Dec-2020,USDEUR,0.8232,0.8257,0.8212,0.825,0,0,0,1,FX,NFX
07-Dec-2020,USDEUR,0.8242,0.8278,0.8222,0.8257,0,0,0,1,FX,NFX
08-Dec-2020,USDEUR,0.8258,0.8266,0.8241,0.8261,0,0,0,1,FX,NFX
09-Dec-2020,USDEUR,0.826,0.8292,0.8231,0.8276,0,0,0,1,FX,NFX
10-Dec-2020,USDEUR,0.8274,0.8281,0.8225,0.8236,0,0,0,1,FX,NFX
11-Dec-2020,USDEUR,0.8238,0.826,0.8221,0.8256,0,0,0,1,FX,NFX
14-Dec-2020,USDEUR,0.8237,0.8254,0.8212,0.8232,0,0,0,1,FX,NFX
15-Dec-2020,USDEUR,0.8236,0.8248,0.8218,0.8227,0,0,0,1,FX,NFX
16-Dec-2020,USDEUR,0.8226,0.8246,0.8189,0.8197,0,0,0,1,FX,NFX
17-Dec-2020,USDEUR,0.8197,0.8202,0.8146,0.8151,0,0,0,1,FX,NFX
18-Dec-2020,USDEUR,0.8151,0.8178,0.8147,0.8157,0,0,0,1,FX,NFX
21-Dec-2020,USDEUR,0.8181,0.8244,0.816,0.8167,0,0,0,1,FX,NFX
22-Dec-2020,USDEUR,0.8165,0.8229,0.8158,0.8222,0,0,0,1,FX,NFX
23-Dec-2020,USDEUR,0.8219,0.8226,0.8182,0.8206,0,0,0,1,FX,NFX
24-Dec-2020,USDEUR,0.8201,0.8213,0.8182,0.8199,0,0,0,1,FX,NFX
25-Dec-2020,USDEUR,0.8206,0.8221,0.8184,0.8187,0,0,0,1,FX,NFX
28-Dec-2020,USDEUR,0.8202,0.821,0.8164,0.8185,0,0,0,1,FX,NFX
29-Dec-2020,USDEUR,0.8185,0.8192,0.8146,0.8162,0,0,0,1,FX,NFX
30-Dec-2020,USDEUR,0.8165,0.8165,0.8124,0.8127,0,0,0,1,FX,NFX
31-Dec-2020,USDEUR,0.8132,0.819,0.8121,0.8185,0,0,0,1,FX,NFX
01-Jan-2021,USDEUR,0.8178,0.8178,0.8178,0.8178,0,0,0,1,FX,NFX
04-Jan-2021,USDEUR,0.8169,0.8178,0.8125,0.8161,0,0,0,1,FX,NFX
05-Jan-2021,USDEUR,0.8162,0.8165,0.8125,0.813,0,0,0,1,FX,NFX
06-Jan-2021,USDEUR,0.8131,0.8151,0.8096,0.811,0,0,0,1,FX,NFX
07-Jan-2021,USDEUR,0.8114,0.8166,0.81,0.8152,0,0,0,1,FX,NFX
08-Jan-2021,USDEUR,0.8147,0.82,0.814,0.818,0,0,0,1,FX,NFX
11-Jan-2021,USDEUR,0.8185,0.8241,0.8173,0.8227,0,0,0,1,FX,NFX
12-Jan-2021,USDEUR,0.823,0.824,0.8189,0.8191,0,0,0,1,FX,NFX
13-Jan-2021,USDEUR,0.8192,0.8237,0.8181,0.8225,0,0,0,1,FX,NFX
14-Jan-2021,USDEUR,0.8227,0.8257,0.8211,0.8227,0,0,0,1,FX,NFX
15-Jan-2021,USDEUR,0.8227,0.8282,0.8221,0.8281,0,0,0,1,FX,NFX
18-Jan-2021,USDEUR,0.8287,0.8296,0.8273,0.8279,0,0,0,1,FX,NFX
19-Jan-2021,USDEUR,0.8274,0.8274,0.8233,0.8245,0,0,0,1,FX,NFX
20-Jan-2021,USDEUR,0.8244,0.828,0.8225,0.8261,0,0,0,1,FX,NFX
21-Jan-2021,USDEUR,0.8244,0.8244,0.8215,0.8219,0,0,0,1,FX,NFX
22-Jan-2021,USDEUR,0.822,0.823,0.8203,0.8215,0,0,0,1,FX,NFX
25-Jan-2021,USDEUR,0.8218,0.8254,0.8207,0.8236,0,0,0,1,FX,NFX
26-Jan-2021,USDEUR,0.8236,0.8259,0.8213,0.8224,0,0,0,1,FX,NFX
27-Jan-2021,USDEUR,0.8221,0.8293,0.8217,0.8257,0,0,0,1,FX,NFX
28-Jan-2021,USDEUR,0.8257,0.8278,0.8235,0.825,0,0,0,1,FX,NFX
29-Jan-2021,USDEUR,0.8249,0.8268,0.8226,0.8239,0,0,0,1,FX,NFX
01-Feb-2021,USDEUR,0.8242,0.8296,0.824,0.8292,0,0,0,1,FX,NFX
02-Feb-2021,USDEUR,0.8292,0.8325,0.8272,0.8303,0,0,0,1,FX,NFX
03-Feb-2021,USDEUR,0.8304,0.833,0.8298,0.8309,0,0,0,1,FX,NFX
04-Feb-2021,USDEUR,0.8308,0.8363,0.8297,0.836,0,0,0,1,FX,NFX
05-Feb-2021,USDEUR,0.8359,0.8367,0.8298,0.8299,0,0,0,1,FX,NFX
08-Feb-2021,USDEUR,0.8306,0.832,0.8287,0.8298,0,0,0,1,FX,NFX
09-Feb-2021,USDEUR,0.8299,0.8302,0.8249,0.8251,0,0,0,1,FX,NFX
10-Feb-2021,USDEUR,0.8252,0.8259,0.8234,0.8251,0,0,0,1,FX,NFX
11-Feb-2021,USDEUR,0.8251,0.8255,0.823,0.8243,0,0,0,1,FX,NFX
12-Feb-2021,USDEUR,0.8244,0.8277,0.824,0.8251,0,0,0,1,FX,NFX
15-Feb-2021,USDEUR,0.8247,0.8253,0.8233,0.8245,0,0,0,1,FX,NFX
16-Feb-2021,USDEUR,0.8244,0.8268,0.8217,0.8261,0,0,0,1,FX,NFX
17-Feb-2021,USDEUR,0.826,0.8317,0.8243,0.8305,0,0,0,1,FX,NFX
18-Feb-2021,USDEUR,0.8305,0.8309,0.8256,0.8256,0,0,0,1,FX,NFX
19-Feb-2021,USDEUR,0.8271,0.8277,0.8234,0.8252,0,0,0,1,FX,NFX
22-Feb-2021,USDEUR,0.8254,0.8271,0.8217,0.8225,0,0,0,1,FX,NFX
23-Feb-2021,USDEUR,0.8225,0.824,0.821,0.823,0,0,0,1,FX,NFX
24-Feb-2021,USDEUR,0.823,0.8258,0.8213,0.8217,0,0,0,1,FX,NFX
25-Feb-2021,USDEUR,0.8216,0.8227,0.8168,0.8214,0,0,0,1,FX,NFX
26-Feb-2021,USDEUR,0.8211,0.829,0.8206,0.8282,0,0,0,1,FX,NFX
01-Mar-2021,USDEUR,0.8284,0.8314,0.8263,0.8299,0,0,0,1,FX,NFX
02-Mar-2021,USDEUR,0.8298,0.8339,0.8267,0.827,0,0,0,1,FX,NFX
03-Mar-2021,USDEUR,0.8271,0.8304,0.8255,0.829,0,0,0,1,FX,NFX
04-Mar-2021,USDEUR,0.8288,0.836,0.8286,0.8353,0,0,0,1,FX,NFX
05-Mar-2021,USDEUR,0.8356,0.8408,0.8347,0.8392,0,0,0,1,FX,NFX
08-Mar-2021,USDEUR,0.8391,0.8443,0.838,0.8442,0,0,0,1,FX,NFX
09-Mar-2021,USDEUR,0.844,0.8449,0.8392,0.8402,0,0,0,1,FX,NFX
10-Mar-2021,USDEUR,0.8403,0.8426,0.8381,0.8383,0,0,0,1,FX,NFX
11-Mar-2021,USDEUR,0.8383,0.8392,0.8339,0.8344,0,0,0,1,FX,NFX
12-Mar-2021,USDEUR,0.8345,0.8397,0.8341,0.8366,0,0,0,1,FX,NFX
15-Mar-2021,USDEUR,0.8368,0.8395,0.8356,0.8382,0,0,0,1,FX,NFX
16-Mar-2021,USDEUR,0.8384,0.8416,0.8366,0.8401,0,0,0,1,FX,NFX
17-Mar-2021,USDEUR,0.8401,0.8414,0.8343,0.8351,0,0,0,1,FX,NFX
18-Mar-2021,USDEUR,0.8347,0.8399,0.8341,0.8391,0,0,0,1,FX,NFX
19-Mar-2021,USDEUR,0.8394,0.8422,0.8377,0.8401,0,0,0,1,FX,NFX
22-Mar-2021,USDEUR,0.8422,0.8423,0.8334,0.8379,0,0,0,1,FX,NFX
23-Mar-2021,USDEUR,0.8381,0.8444,0.8374,0.844,0,0,0,1,FX,NFX
24-Mar-2021,USDEUR,0.8438,0.8468,0.8436,0.8464,0,0,0,1,FX,NFX
25-Mar-2021,USDEUR,0.8465,0.8502,0.8454,0.85,0,0,0,1,FX,NFX
26-Mar-2021,USDEUR,0.8501,0.8501,0.8471,0.8478,0,0,0,1,FX,NFX
29-Mar-2021,USDEUR,0.848,0.8503,0.8478,0.85,0,0,0,1,FX,NFX
30-Mar-2021,USDEUR,0.8501,0.8539,0.8492,0.8535,0,0,0,1,FX,NFX
31-Mar-2021,USDEUR,0.8534,0.8545,0.8503,0.8524,0,0,0,1,FX,NFX
01-Apr-2021,USDEUR,0.8526,0.8538,0.8489,0.8491,0,0,0,1,FX,NFX
02-Apr-2021,USDEUR,0.8492,0.8511,0.8484,0.8503,0,0,0,1,FX,NFX
05-Apr-2021,USDEUR,0.8505,0.852,0.8459,0.8466,0,0,0,1,FX,NFX
06-Apr-2021,USDEUR,0.8465,0.8478,0.8418,0.842,0,0,0,1,FX,NFX
07-Apr-2021,USDEUR,0.8421,0.8431,0.8392,0.8423,0,0,0,1,FX,NFX
08-Apr-2021,USDEUR,0.8425,0.8431,0.8384,0.8391,0,0,0,1,FX,NFX
09-Apr-2021,USDEUR,0.8393,0.8427,0.8388,0.8402,0,0,0,1,FX,NFX
12-Apr-2021,USDEUR,0.841,0.8424,0.8389,0.8395,0,0,0,1,FX,NFX
13-Apr-2021,USDEUR,0.8395,0.8419,0.8364,0.8369,0,0,0,1,FX,NFX
14-Apr-2021,USDEUR,0.837,0.8371,0.8341,0.8348,0,0,0,1,FX,NFX
15-Apr-2021,USDEUR,0.8348,0.8364,0.8337,0.8356,0,0,0,1,FX,NFX
16-Apr-2021,USDEUR,0.8355,0.8368,0.8336,0.8346,0,0,0,1,FX,NFX
19-Apr-2021,USDEUR,0.8352,0.8374,0.8299,0.8308,0,0,0,1,FX,NFX
20-Apr-2021,USDEUR,0.8307,0.8318,0.8278,0.8309,0,0,0,1,FX,NFX
21-Apr-2021,USDEUR,0.8309,0.8334,0.8303,0.8309,0,0,0,1,FX,NFX
22-Apr-2021,USDEUR,0.8309,0.8338,0.8285,0.8321,0,0,0,1,FX,NFX
23-Apr-2021,USDEUR,0.8322,0.8325,0.8263,0.8266,0,0,0,1,FX,NFX
26-Apr-2021,USDEUR,0.8268,0.8291,0.8252,0.8274,0,0,0,1,FX,NFX
27-Apr-2021,USDEUR,0.8274,0.8294,0.8268,0.827,0,0,0,1,FX,NFX
28-Apr-2021,USDEUR,0.8271,0.8294,0.824,0.8247,0,0,0,1,FX,NFX
29-Apr-2021,USDEUR,0.8247,0.8263,0.823,0.8251,0,0,0,1,FX,NFX
30-Apr-2021,USDEUR,0.825,0.8322,0.8246,0.832,0,0,0,1,FX,NFX
03-May-2021,USDEUR,0.831,0.8324,0.828,0.8289,0,0,0,1,FX,NFX
04-May-2021,USDEUR,0.8288,0.8334,0.8285,0.8323,0,0,0,1,FX,NFX
05-May-2021,USDEUR,0.8324,0.8343,0.8314,0.8329,0,0,0,1,FX,NFX
06-May-2021,USDEUR,0.833,0.8338,0.8283,0.8287,0,0,0,1,FX,NFX
07-May-2021,USDEUR,0.8289,0.8297,0.8215,0.8221,0,0,0,1,FX,NFX
10-May-2021,USDEUR,0.822,0.8246,0.8211,0.8244,0,0,0,1,FX,NFX
11-May-2021,USDEUR,0.8245,0.8249,0.8209,0.8232,0,0,0,1,FX,NFX
12-May-2021,USDEUR,0.823,0.8288,0.8227,0.8283,0,0,0,1,FX,NFX
13-May-2021,USDEUR,0.8283,0.8298,0.8259,0.8279,0,0,0,1,FX,NFX
14-May-2021,USDEUR,0.8276,0.8284,0.8231,0.8234,0,0,0,1,FX,NFX
17-May-2021,USDEUR,0.8234,0.8247,0.8217,0.8229,0,0,0,1,FX,NFX
18-May-2021,USDEUR,0.8229,0.823,0.8174,0.8182,0,0,0,1,FX,NFX
19-May-2021,USDEUR,0.818,0.8224,0.8166,0.8213,0,0,0,1,FX,NFX
20-May-2021,USDEUR,0.8216,0.8218,0.8176,0.8178,0,0,0,1,FX,NFX
21-May-2021,USDEUR,0.8177,0.8223,0.8169,0.821,0,0,0,1,FX,NFX
24-May-2021,USDEUR,0.8209,0.8215,0.8176,0.8185,0,0,0,1,FX,NFX
25-May-2021,USDEUR,0.8185,0.8189,0.8152,0.8162,0,0,0,1,FX,NFX
26-May-2021,USDEUR,0.8164,0.8209,0.8154,0.82,0,0,0,1,FX,NFX
27-May-2021,USDEUR,0.8201,0.8214,0.8186,0.8201,0,0,0,1,FX,NFX
28-May-2021,USDEUR,0.82,0.8242,0.8192,0.8201,0,0,0,1,FX,NFX
31-May-2021,USDEUR,0.8196,0.8208,0.8175,0.8178,0,0,0,1,FX,NFX
01-Jun-2021,USDEUR,0.8178,0.8189,0.816,0.8188,0,0,0,1,FX,NFX
02-Jun-2021,USDEUR,0.8188,0.8221,0.8178,0.8189,0,0,0,1,FX,NFX
03-Jun-2021,USDEUR,0.819,0.8252,0.8186,0.8246,0,0,0,1,FX,NFX
04-Jun-2021,USDEUR,0.8246,0.8262,0.8206,0.8218,0,0,0,1,FX,NFX
07-Jun-2021,USDEUR,0.8222,0.8234,0.8194,0.8204,0,0,0,1,FX,NFX
08-Jun-2021,USDEUR,0.8203,0.8221,0.82,0.8215,0,0,0,1,FX,NFX
09-Jun-2021,USDEUR,0.8214,0.8217,0.8184,0.8209,0,0,0,1,FX,NFX
10-Jun-2021,USDEUR,0.8209,0.8235,0.82,0.8213,0,0,0,1,FX,NFX
11-Jun-2021,USDEUR,0.8215,0.827,0.82,0.8258,0,0,0,1,FX,NFX
14-Jun-2021,USDEUR,0.8259,0.8268,0.8243,0.8251,0,0,0,1,FX,NFX
15-Jun-2021,USDEUR,0.8251,0.8263,0.8231,0.8246,0,0,0,1,FX,NFX
16-Jun-2021,USDEUR,0.8246,0.8337,0.824,0.8337,0,0,0,1,FX,NFX
17-Jun-2021,USDEUR,0.8337,0.8409,0.8328,0.8399,0,0,0,1,FX,NFX
18-Jun-2021,USDEUR,0.8398,0.844,0.8384,0.8429,0,0,0,1,FX,NFX
21-Jun-2021,USDEUR,0.8435,0.8441,0.8387,0.8391,0,0,0,1,FX,NFX
22-Jun-2021,USDEUR,0.8392,0.8417,0.8366,0.8373,0,0,0,1,FX,NFX
23-Jun-2021,USDEUR,0.8374,0.8395,0.8353,0.8385,0,0,0,1,FX,NFX
24-Jun-2021,USDEUR,0.8384,0.8391,0.8363,0.838,0,0,0,1,FX,NFX
25-Jun-2021,USDEUR,0.8382,0.8385,0.835,0.8378,0,0,0,1,FX,NFX
28-Jun-2021,USDEUR,0.8379,0.8402,0.8371,0.8387,0,0,0,1,FX,NFX
29-Jun-2021,USDEUR,0.8381,0.8419,0.8381,0.8406,0,0,0,1,FX,NFX
30-Jun-2021,USDEUR,0.8406,0.8442,0.8395,0.8435,0,0,0,1,FX,NFX
01-Jul-2021,USDEUR,0.8434,0.8448,0.8414,0.8439,0,0,0,1,FX,NFX
02-Jul-2021,USDEUR,0.8439,0.8469,0.8421,0.8428,0,0,0,1,FX,NFX
05-Jul-2021,USDEUR,0.8429,0.8438,0.8416,0.8429,0,0,0,1,FX,NFX
06-Jul-2021,USDEUR,0.8429,0.8469,0.8406,0.8458,0,0,0,1,FX,NFX
07-Jul-2021,USDEUR,0.8457,0.8488,0.8446,0.848,0,0,0,1,FX,NFX
08-Jul-2021,USDEUR,0.8482,0.8487,0.8426,0.8442,0,0,0,1,FX,NFX
09-Jul-2021,USDEUR,0.8441,0.8457,0.8416,0.842,0,0,0,1,FX,NFX
12-Jul-2021,USDEUR,0.842,0.8449,0.8416,0.8431,0,0,0,1,FX,NFX
13-Jul-2021,USDEUR,0.843,0.8494,0.8419,0.8492,0,0,0,1,FX,NFX
14-Jul-2021,USDEUR,0.8491,0.8495,0.8446,0.8449,0,0,0,1,FX,NFX
15-Jul-2021,USDEUR,0.8447,0.8477,0.8437,0.8467,0,0,0,1,FX,NFX
16-Jul-2021,USDEUR,0.8467,0.8481,0.8458,0.847,0,0,0,1,FX,NFX
19-Jul-2021,USDEUR,0.8467,0.8501,0.8457,0.8475,0,0,0,1,FX,NFX
20-Jul-2021,USDEUR,0.8474,0.8507,0.8471,0.8488,0,0,0,1,FX,NFX
21-Jul-2021,USDEUR,0.8489,0.8509,0.847,0.8478,0,0,0,1,FX,NFX
22-Jul-2021,USDEUR,0.848,0.8505,0.8452,0.8495,0,0,0,1,FX,NFX
23-Jul-2021,USDEUR,0.8497,0.8507,0.8483,0.8495,0,0,0,1,FX,NFX
26-Jul-2021,USDEUR,0.8494,0.8501,0.8461,0.8473,0,0,0,1,FX,NFX
27-Jul-2021,USDEUR,0.8472,0.8496,0.8444,0.8462,0,0,0,1,FX,NFX
28-Jul-2021,USDEUR,0.8462,0.8494,0.8438,0.8442,0,0,0,1,FX,NFX
29-Jul-2021,USDEUR,0.8443,0.8446,0.8407,0.8413,0,0,0,1,FX,NFX
30-Jul-2021,USDEUR,0.8412,0.8438,0.8397,0.8425,0,0,0,1,FX,NFX
02-Aug-2021,USDEUR,0.8425,0.8433,0.8404,0.8423,0,0,0,1,FX,NFX
03-Aug-2021,USDEUR,0.8425,0.8436,0.8407,0.8427,0,0,0,1,FX,NFX
04-Aug-2021,USDEUR,0.843,0.8451,0.8402,0.8447,0,0,0,1,FX,NFX
05-Aug-2021,USDEUR,0.8448,0.8454,0.8433,0.8451,0,0,0,1,FX,NFX
06-Aug-2021,USDEUR,0.8451,0.8508,0.8448,0.8502,0,0,0,1,FX,NFX
09-Aug-2021,USDEUR,0.8502,0.8522,0.8496,0.8521,0,0,0,1,FX,NFX
10-Aug-2021,USDEUR,0.8519,0.854,0.8515,0.8531,0,0,0,1,FX,NFX
11-Aug-2021,USDEUR,0.8532,0.8543,0.8507,0.8519,0,0,0,1,FX,NFX
12-Aug-2021,USDEUR,0.852,0.853,0.8511,0.8525,0,0,0,1,FX,NFX
13-Aug-2021,USDEUR,0.8525,0.8526,0.8471,0.8477,0,0,0,1,FX,NFX
16-Aug-2021,USDEUR,0.8477,0.8498,0.8474,0.8491,0,0,0,1,FX,NFX
17-Aug-2021,USDEUR,0.849,0.8541,0.8485,0.8541,0,0,0,1,FX,NFX
18-Aug-2021,USDEUR,0.854,0.8551,0.8515,0.854,0,0,0,1,FX,NFX
19-Aug-2021,USDEUR,0.8539,0.8572,0.8534,0.8564,0,0,0,1,FX,NFX
20-Aug-2021,USDEUR,0.8565,0.8574,0.8542,0.8548,0,0,0,1,FX,NFX
23-Aug-2021,USDEUR,0.8551,0.8552,0.8509,0.8513,0,0,0,1,FX,NFX
24-Aug-2021,USDEUR,0.8513,0.8527,0.8499,0.8506,0,0,0,1,FX,NFX
25-Aug-2021,USDEUR,0.8505,0.8528,0.8477,0.8494,0,0,0,1,FX,NFX
26-Aug-2021,USDEUR,0.8493,0.8513,0.8488,0.8508,0,0,0,1,FX,NFX
27-Aug-2021,USDEUR,0.8509,0.8522,0.8472,0.8478,0,0,0,1,FX,NFX
30-Aug-2021,USDEUR,0.8477,0.8487,0.8466,0.8477,0,0,0,1,FX,NFX
31-Aug-2021,USDEUR,0.8477,0.8479,0.844,0.8468,0,0,0,1,FX,NFX
01-Sep-2021,USDEUR,0.8468,0.8479,0.8433,0.8446,0,0,0,1,FX,NFX
02-Sep-2021,USDEUR,0.8444,0.845,0.8419,0.8421,0,0,0,1,FX,NFX
03-Sep-2021,USDEUR,0.842,0.8427,0.8396,0.8418,0,0,0,1,FX,NFX
06-Sep-2021,USDEUR,0.8417,0.8435,0.8412,0.8425,0,0,0,1,FX,NFX
07-Sep-2021,USDEUR,0.8424,0.8448,0.8413,0.8446,0,0,0,1,FX,NFX
08-Sep-2021,USDEUR,0.8444,0.8473,0.8436,0.8463,0,0,0,1,FX,NFX
09-Sep-2021,USDEUR,0.8461,0.8471,0.8444,0.8457,0,0,0,1,FX,NFX
10-Sep-2021,USDEUR,0.8456,0.8469,0.8437,0.8467,0,0,0,1,FX,NFX
13-Sep-2021,USDEUR,0.8464,0.8493,0.8461,0.8467,0,0,0,1,FX,NFX
14-Sep-2021,USDEUR,0.8468,0.8475,0.8441,0.8472,0,0,0,1,FX,NFX
15-Sep-2021,USDEUR,0.847,0.8475,0.845,0.8463,0,0,0,1,FX,NFX
16-Sep-2021,USDEUR,0.8462,0.851,0.8458,0.85,0,0,0,1,FX,NFX
17-Sep-2021,USDEUR,0.8497,0.8531,0.8481,0.8528,0,0,0,1,FX,NFX
20-Sep-2021,USDEUR,0.8524,0.8547,0.852,0.8528,0,0,0,1,FX,NFX
21-Sep-2021,USDEUR,0.8527,0.8537,0.8509,0.8528,0,0,0,1,FX,NFX
22-Sep-2021,USDEUR,0.8528,0.8559,0.8507,0.8556,0,0,0,1,FX,NFX
23-Sep-2021,USDEUR,0.8554,0.8559,0.8509,0.8519,0,0,0,1,FX,NFX
24-Sep-2021,USDEUR,0.8519,0.8547,0.8512,0.8532,0,0,0,1,FX,NFX
27-Sep-2021,USDEUR,0.8527,0.8558,0.8527,0.8551,0,0,0,1,FX,NFX
28-Sep-2021,USDEUR,0.855,0.857,0.8544,0.8559,0,0,0,1,FX,NFX
29-Sep-2021,USDEUR,0.856,0.8629,0.8553,0.8622,0,0,0,1,FX,NFX
30-Sep-2021,USDEUR,0.8622,0.8649,0.8612,0.8638,0,0,0,1,FX,NFX
01-Oct-2021,USDEUR,0.8638,0.8648,0.8614,0.8624,0,0,0,1,FX,NFX
04-Oct-2021,USDEUR,0.8622,0.863,0.859,0.8606,0,0,0,1,FX,NFX
05-Oct-2021,USDEUR,0.8604,0.8635,0.8602,0.8623,0,0,0,1,FX,NFX
06-Oct-2021,USDEUR,0.8622,0.8673,0.8617,0.8653,0,0,0,1,FX,NFX
07-Oct-2021,USDEUR,0.8653,0.866,0.864,0.8656,0,0,0,1,FX,NFX
08-Oct-2021,USDEUR,0.8656,0.8664,0.8631,0.8639,0,0,0,1,FX,NFX
11-Oct-2021,USDEUR,0.8643,0.8659,0.8629,0.8656,0,0,0,1,FX,NFX
12-Oct-2021,USDEUR,0.8654,0.8677,0.8642,0.8673,0,0,0,1,FX,NFX
13-Oct-2021,USDEUR,0.8673,0.8675,0.8622,0.8624,0,0,0,1,FX,NFX
14-Oct-2021,USDEUR,0.8624,0.8633,0.8602,0.8623,0,0,0,1,FX,NFX
15-Oct-2021,USDEUR,0.8621,0.863,0.8605,0.8622,0,0,0,1,FX,NFX
18-Oct-2021,USDEUR,0.8625,0.8642,0.8602,0.8612,0,0,0,1,FX,NFX
19-Oct-2021,USDEUR,0.8612,0.8614,0.8569,0.8597,0,0,0,1,FX,NFX
20-Oct-2021,USDEUR,0.8596,0.8609,0.8577,0.8583,0,0,0,1,FX,NFX
21-Oct-2021,USDEUR,0.8581,0.8606,0.8569,0.8601,0,0,0,1,FX,NFX
22-Oct-2021,USDEUR,0.8603,0.8605,0.8579,0.8586,0,0,0,1,FX,NFX
25-Oct-2021,USDEUR,0.859,0.8628,0.8571,0.8613,0,0,0,1,FX,NFX
26-Oct-2021,USDEUR,0.8615,0.8632,0.86,0.8623,0,0,0,1,FX,NFX
27-Oct-2021,USDEUR,0.8625,0.8632,0.86,0.8618,0,0,0,1,FX,NFX
28-Oct-2021,USDEUR,0.8618,0.8634,0.8552,0.856,0,0,0,1,FX,NFX
29-Oct-2021,USDEUR,0.856,0.867,0.8553,0.8651,0,0,0,1,FX,NFX
01-Nov-2021,USDEUR,0.8651,0.8661,0.8613,0.8616,0,0,0,1,FX,NFX
02-Nov-2021,USDEUR,0.8617,0.8639,0.861,0.8636,0,0,0,1,FX,NFX
03-Nov-2021,USDEUR,0.8637,0.8649,0.8608,0.8612,0,0,0,1,FX,NFX
04-Nov-2021,USDEUR,0.8612,0.8674,0.8607,0.8655,0,0,0,1,FX,NFX
05-Nov-2021,USDEUR,0.8655,0.8686,0.864,0.8644,0,0,0,1,FX,NFX
08-Nov-2021,USDEUR,0.8651,0.8658,0.8623,0.863,0,0,0,1,FX,NFX
09-Nov-2021,USDEUR,0.863,0.8643,0.8614,0.8625,0,0,0,1,FX,NFX
10-Nov-2021,USDEUR,0.8626,0.8714,0.8623,0.8712,0,0,0,1,FX,NFX
11-Nov-2021,USDEUR,0.8712,0.8739,0.8703,0.8734,0,0,0,1,FX,NFX
12-Nov-2021,USDEUR,0.8732,0.8746,0.8724,0.8739,0,0,0,1,FX,NFX
15-Nov-2021,USDEUR,0.8735,0.8806,0.8722,0.8796,0,0,0,1,FX,NFX
16-Nov-2021,USDEUR,0.8797,0.8843,0.8781,0.8834,0,0,0,1,FX,NFX
17-Nov-2021,USDEUR,0.8832,0.8878,0.8823,0.8834,0,0,0,1,FX,NFX
18-Nov-2021,USDEUR,0.8833,0.8839,0.8791,0.8791,0,0,0,1,FX,NFX
19-Nov-2021,USDEUR,0.8795,0.8889,0.8791,0.8865,0,0,0,1,FX,NFX
22-Nov-2021,USDEUR,0.8856,0.8904,0.8856,0.8901,0,0,0,1,FX,NFX
23-Nov-2021,USDEUR,0.89,0.8908,0.8868,0.889,0,0,0,1,FX,NFX
24-Nov-2021,USDEUR,0.8889,0.894,0.8884,0.8929,0,0,0,1,FX,NFX
25-Nov-2021,USDEUR,0.8929,0.893,0.8903,0.8921,0,0,0,1,FX,NFX
26-Nov-2021,USDEUR,0.8922,0.8924,0.8825,0.8835,0,0,0,1,FX,NFX
29-Nov-2021,USDEUR,0.8846,0.8882,0.8836,0.8854,0,0,0,1,FX,NFX
30-Nov-2021,USDEUR,0.8857,0.89,0.8784,0.8819,0,0,0,1,FX,NFX
01-Dec-2021,USDEUR,0.8819,0.8848,0.8802,0.8834,0,0,0,1,FX,NFX
02-Dec-2021,USDEUR,0.8834,0.8854,0.8812,0.8849,0,0,0,1,FX,NFX
03-Dec-2021,USDEUR,0.8848,0.8876,0.8823,0.8838,0,0,0,1,FX,NFX
06-Dec-2021,USDEUR,0.8845,0.8876,0.8837,0.886,0,0,0,1,FX,NFX
07-Dec-2021,USDEUR,0.886,0.8907,0.8849,0.8875,0,0,0,1,FX,NFX
08-Dec-2021,USDEUR,0.8874,0.8876,0.8806,0.8815,0,0,0,1,FX,NFX
09-Dec-2021,USDEUR,0.8814,0.8867,0.8812,0.8855,0,0,0,1,FX,NFX
10-Dec-2021,USDEUR,0.8855,0.8877,0.883,0.8835,0,0,0,1,FX,NFX
13-Dec-2021,USDEUR,0.8837,0.8881,0.8834,0.886,0,0,0,1,FX,NFX
14-Dec-2021,USDEUR,0.8861,0.8886,0.8828,0.8882,0,0,0,1,FX,NFX
15-Dec-2021,USDEUR,0.8881,0.8911,0.885,0.8857,0,0,0,1,FX,NFX
16-Dec-2021,USDEUR,0.8858,0.8864,0.8801,0.8826,0,0,0,1,FX,NFX
17-Dec-2021,USDEUR,0.8823,0.8903,0.881,0.8897,0,0,0,1,FX,NFX
20-Dec-2021,USDEUR,0.8898,0.8901,0.8846,0.8867,0,0,0,1,FX,NFX
21-Dec-2021,USDEUR,0.8862,0.8881,0.8847,0.8859,0,0,0,1,FX,NFX
22-Dec-2021,USDEUR,0.8863,0.8878,0.8815,0.8829,0,0,0,1,FX,NFX
23-Dec-2021,USDEUR,0.8827,0.8857,0.8815,0.8829,0,0,0,1,FX,NFX
24-Dec-2021,USDEUR,0.8829,0.8847,0.8786,0.8817,0,0,0,1,FX,NFX
27-Dec-2021,USDEUR,0.884,0.884,0.8822,0.8827,0,0,0,1,FX,NFX
28-Dec-2021,USDEUR,0.8832,0.8858,0.8822,0.8842,0,0,0,1,FX,NFX
29-Dec-2021,USDEUR,0.8841,0.8871,0.8796,0.8813,0,0,0,1,FX,NFX
30-Dec-2021,USDEUR,0.881,0.8851,0.8801,0.8829,0,0,0,1,FX,NFX
31-Dec-2021,USDEUR,0.8833,0.8847,0.8782,0.8794,0,0,0,1,FX,NFX
03-Jan-2022,USDEUR,0.8793,0.8866,0.8787,0.8851,0,0,0,1,FX,NFX
04-Jan-2022,USDEUR,0.8851,0.8871,0.8831,0.886,0,0,0,1,FX,NFX
05-Jan-2022,USDEUR,0.8861,0.8868,0.8812,0.8838,0,0,0,1,FX,NFX
06-Jan-2022,USDEUR,0.8836,0.8862,0.8824,0.8851,0,0,0,1,FX,NFX
07-Jan-2022,USDEUR,0.8852,0.8857,0.8798,0.8801,0,0,0,1,FX,NFX
10-Jan-2022,USDEUR,0.8804,0.8861,0.8802,0.8827,0,0,0,1,FX,NFX
11-Jan-2022,USDEUR,0.8831,0.884,0.879,0.8797,0,0,0,1,FX,NFX
12-Jan-2022,USDEUR,0.8795,0.8807,0.873,0.8739,0,0,0,1,FX,NFX
13-Jan-2022,USDEUR,0.8739,0.8744,0.8709,0.8729,0,0,0,1,FX,NFX
14-Jan-2022,USDEUR,0.8729,0.8773,0.8708,0.876,0,0,0,1,FX,NFX
17-Jan-2022,USDEUR,0.876,0.8779,0.8745,0.8767,0,0,0,1,FX,NFX
18-Jan-2022,USDEUR,0.8766,0.8838,0.8755,0.8828,0,0,0,1,FX,NFX
19-Jan-2022,USDEUR,0.8829,0.8835,0.8804,0.8817,0,0,0,1,FX,NFX
20-Jan-2022,USDEUR,0.8817,0.8848,0.8795,0.8841,0,0,0,1,FX,NFX
21-Jan-2022,USDEUR,0.8841,0.8849,0.8802,0.8815,0,0,0,1,FX,NFX
24-Jan-2022,USDEUR,0.8816,0.8857,0.8814,0.883,0,0,0,1,FX,NFX
25-Jan-2022,USDEUR,0.883,0.8878,0.8826,0.8849,0,0,0,1,FX,NFX
26-Jan-2022,USDEUR,0.8849,0.8901,0.8841,0.8896,0,0,0,1,FX,NFX
27-Jan-2022,USDEUR,0.8897,0.8983,0.8894,0.8973,0,0,0,1,FX,NFX
28-Jan-2022,USDEUR,0.8971,0.8992,0.895,0.897,0,0,0,1,FX,NFX
31-Jan-2022,USDEUR,0.8974,0.8978,0.889,0.8901,0,0,0,1,FX,NFX
01-Feb-2022,USDEUR,0.89,0.8912,0.8865,0.887,0,0,0,1,FX,NFX
02-Feb-2022,USDEUR,0.8872,0.8876,0.8825,0.8846,0,0,0,1,FX,NFX
03-Feb-2022,USDEUR,0.8846,0.8875,0.8732,0.874,0,0,0,1,FX,NFX
04-Feb-2022,USDEUR,0.8742,0.8793,0.8708,0.8734,0,0,0,1,FX,NFX
07-Feb-2022,USDEUR,0.8722,0.876,0.8722,0.874,0,0,0,1,FX,NFX
08-Feb-2022,USDEUR,0.874,0.8775,0.8733,0.8759,0,0,0,1,FX,NFX
09-Feb-2022,USDEUR,0.876,0.877,0.8735,0.8755,0,0,0,1,FX,NFX
10-Feb-2022,USDEUR,0.8752,0.8791,0.8699,0.8751,0,0,0,1,FX,NFX
11-Feb-2022,USDEUR,0.875,0.8827,0.8748,0.881,0,0,0,1,FX,NFX
14-Feb-2022,USDEUR,0.8819,0.8865,0.8796,0.8844,0,0,0,1,FX,NFX
15-Feb-2022,USDEUR,0.8844,0.8848,0.8795,0.8805,0,0,0,1,FX,NFX
16-Feb-2022,USDEUR,0.8799,0.8815,0.8774,0.8793,0,0,0,1,FX,NFX
17-Feb-2022,USDEUR,0.8792,0.8831,0.8781,0.8801,0,0,0,1,FX,NFX
18-Feb-2022,USDEUR,0.8801,0.8838,0.8789,0.8832,0,0,0,1,FX,NFX
21-Feb-2022,USDEUR,0.8833,0.8844,0.8779,0.8841,0,0,0,1,FX,NFX
22-Feb-2022,USDEUR,0.8838,0.8859,0.8797,0.883,0,0,0,1,FX,NFX
23-Feb-2022,USDEUR,0.8829,0.8849,0.8802,0.8846,0,0,0,1,FX,NFX
24-Feb-2022,USDEUR,0.8842,0.9004,0.884,0.8916,0,0,0,1,FX,NFX
25-Feb-2022,USDEUR,0.8934,0.8956,0.8869,0.8871,0,0,0,1,FX,NFX
28-Feb-2022,USDEUR,0.8985,0.8986,0.8892,0.8914,0,0,0,1,FX,NFX
01-Mar-2022,USDEUR,0.8913,0.9017,0.8901,0.8988,0,0,0,1,FX,NFX
02-Mar-2022,USDEUR,0.8988,0.9043,0.8971,0.8994,0,0,0,1,FX,NFX
03-Mar-2022,USDEUR,0.8993,0.9063,0.899,0.9029,0,0,0,1,FX,NFX
04-Mar-2022,USDEUR,0.9035,0.9186,0.9,0.9141,0,0,0,1,FX,NFX
07-Mar-2022,USDEUR,0.9151,0.9254,0.9147,0.9213,0,0,0,1,FX,NFX
08-Mar-2022,USDEUR,0.9214,0.9217,0.9125,0.9177,0,0,0,1,FX,NFX
09-Mar-2022,USDEUR,0.9174,0.9183,0.9012,0.9029,0,0,0,1,FX,NFX
10-Mar-2022,USDEUR,0.9032,0.9111,0.8992,0.9101,0,0,0,1,FX,NFX
11-Mar-2022,USDEUR,0.9103,0.9173,0.9055,0.9164,0,0,0,1,FX,NFX
14-Mar-2022,USDEUR,0.9156,0.9174,0.9095,0.9139,0,0,0,1,FX,NFX
15-Mar-2022,USDEUR,0.914,0.9153,0.9074,0.9127,0,0,0,1,FX,NFX
16-Mar-2022,USDEUR,0.9129,0.9134,0.9052,0.9062,0,0,0,1,FX,NFX
17-Mar-2022,USDEUR,0.9061,0.9084,0.8978,0.9016,0,0,0,1,FX,NFX
18-Mar-2022,USDEUR,0.9016,0.9088,0.8993,0.9052,0,0,0,1,FX,NFX
21-Mar-2022,USDEUR,0.9042,0.9083,0.9033,0.9078,0,0,0,1,FX,NFX
22-Mar-2022,USDEUR,0.9078,0.9123,0.9052,0.9066,0,0,0,1,FX,NFX
23-Mar-2022,USDEUR,0.9067,0.9121,0.9054,0.9087,0,0,0,1,FX,NFX
24-Mar-2022,USDEUR,0.9084,0.912,0.9079,0.9093,0,0,0,1,FX,NFX
25-Mar-2022,USDEUR,0.9091,0.9107,0.9059,0.9104,0,0,0,1,FX,NFX
28-Mar-2022,USDEUR,0.9101,0.9137,0.9091,0.9102,0,0,0,1,FX,NFX
29-Mar-2022,USDEUR,0.9107,0.9117,0.8978,0.902,0,0,0,1,FX,NFX
30-Mar-2022,USDEUR,0.902,0.9024,0.8951,0.8962,0,0,0,1,FX,NFX
31-Mar-2022,USDEUR,0.896,0.9041,0.894,0.9035,0,0,0,1,FX,NFX
01-Apr-2022,USDEUR,0.9036,0.9068,0.9028,0.9052,0,0,0,1,FX,NFX
04-Apr-2022,USDEUR,0.9062,0.9124,0.9045,0.9114,0,0,0,1,FX,NFX
05-Apr-2022,USDEUR,0.9114,0.9175,0.91,0.917,0,0,0,1,FX,NFX
06-Apr-2022,USDEUR,0.917,0.9196,0.9142,0.9178,0,0,0,1,FX,NFX
07-Apr-2022,USDEUR,0.9177,0.9204,0.9142,0.9191,0,0,0,1,FX,NFX
08-Apr-2022,USDEUR,0.9192,0.9228,0.9181,0.9195,0,0,0,1,FX,NFX
11-Apr-2022,USDEUR,0.9155,0.9197,0.9146,0.9186,0,0,0,1,FX,NFX
12-Apr-2022,USDEUR,0.9188,0.9241,0.9171,0.9235,0,0,0,1,FX,NFX
13-Apr-2022,USDEUR,0.9236,0.9251,0.9179,0.9182,0,0,0,1,FX,NFX
14-Apr-2022,USDEUR,0.9182,0.9295,0.9153,0.9234,0,0,0,1,FX,NFX
15-Apr-2022,USDEUR,0.9235,0.9263,0.9232,0.925,0,0,0,1,FX,NFX
18-Apr-2022,USDEUR,0.9255,0.9285,0.9241,0.9275,0,0,0,1,FX,NFX
19-Apr-2022,USDEUR,0.9276,0.9293,0.9247,0.927,0,0,0,1,FX,NFX
20-Apr-2022,USDEUR,0.927,0.9274,0.9202,0.9212,0,0,0,1,FX,NFX
21-Apr-2022,USDEUR,0.9214,0.9239,0.9143,0.9231,0,0,0,1,FX,NFX
22-Apr-2022,USDEUR,0.923,0.9284,0.9214,0.9261,0,0,0,1,FX,NFX
25-Apr-2022,USDEUR,0.925,0.9349,0.9246,0.9335,0,0,0,1,FX,NFX
26-Apr-2022,USDEUR,0.9333,0.9402,0.9312,0.9401,0,0,0,1,FX,NFX
27-Apr-2022,USDEUR,0.9401,0.951,0.9384,0.9471,0,0,0,1,FX,NFX
28-Apr-2022,USDEUR,0.9467,0.955,0.9465,0.9524,0,0,0,1,FX,NFX
29-Apr-2022,USDEUR,0.9525,0.9532,0.944,0.9484,0,0,0,1,FX,NFX
02-May-2022,USDEUR,0.9482,0.9521,0.9462,0.9503,0,0,0,1,FX,NFX
03-May-2022,USDEUR,0.952,0.9531,0.9453,0.9506,0,0,0,1,FX,NFX
04-May-2022,USDEUR,0.9505,0.9518,0.9406,0.9413,0,0,0,1,FX,NFX
05-May-2022,USDEUR,0.9414,0.953,0.9396,0.9487,0,0,0,1,FX,NFX
06-May-2022,USDEUR,0.9486,0.9539,0.9433,0.948,0,0,0,1,FX,NFX
09-May-2022,USDEUR,0.9484,0.9528,0.9441,0.9471,0,0,0,1,FX,NFX
10-May-2022,USDEUR,0.9471,0.9501,0.9447,0.9496,0,0,0,1,FX,NFX
11-May-2022,USDEUR,0.9498,0.9522,0.9454,0.9512,0,0,0,1,FX,NFX
12-May-2022,USDEUR,0.9509,0.9658,0.9496,0.9631,0,0,0,1,FX,NFX
13-May-2022,USDEUR,0.9636,0.9662,0.9597,0.9606,0,0,0,1,FX,NFX
16-May-2022,USDEUR,0.9609,0.9625,0.9575,0.9584,0,0,0,1,FX,NFX
17-May-2022,USDEUR,0.9585,0.9589,0.9473,0.9478,0,0,0,1,FX,NFX
18-May-2022,USDEUR,0.948,0.956,0.9466,0.9559,0,0,0,1,FX,NFX
19-May-2022,USDEUR,0.9557,0.9559,0.9426,0.9448,0,0,0,1,FX,NFX
20-May-2022,USDEUR,0.9445,0.9495,0.9434,0.9467,0,0,0,1,FX,NFX
23-May-2022,USDEUR,0.9466,0.9472,0.9347,0.9354,0,0,0,1,FX,NFX
24-May-2022,USDEUR,0.9353,0.9384,0.9304,0.9314,0,0,0,1,FX,NFX
25-May-2022,USDEUR,0.9313,0.9396,0.931,0.9362,0,0,0,1,FX,NFX
26-May-2022,USDEUR,0.9362,0.9379,0.9316,0.9321,0,0,0,1,FX,NFX
27-May-2022,USDEUR,0.9329,0.9348,0.9288,0.9315,0,0,0,1,FX,NFX
30-May-2022,USDEUR,0.9313,0.9324,0.9269,0.9277,0,0,0,1,FX,NFX
31-May-2022,USDEUR,0.9276,0.9364,0.9274,0.9317,0,0,0,1,FX,NFX
01-Jun-2022,USDEUR,0.9316,0.941,0.9311,0.9387,0,0,0,1,FX,NFX
02-Jun-2022,USDEUR,0.9391,0.9394,0.9301,0.9305,0,0,0,1,FX,NFX
03-Jun-2022,USDEUR,0.9304,0.9342,0.9289,0.9328,0,0,0,1,FX,NFX
06-Jun-2022,USDEUR,0.9327,0.9359,0.93,0.9349,0,0,0,1,FX,NFX
07-Jun-2022,USDEUR,0.9347,0.9388,0.9332,0.9342,0,0,0,1,FX,NFX
08-Jun-2022,USDEUR,0.9345,0.9371,0.9303,0.9329,0,0,0,1,FX,NFX
09-Jun-2022,USDEUR,0.9331,0.9424,0.9281,0.9417,0,0,0,1,FX,NFX
10-Jun-2022,USDEUR,0.9417,0.9519,0.9395,0.9508,0,0,0,1,FX,NFX
13-Jun-2022,USDEUR,0.9509,0.9616,0.9506,0.9609,0,0,0,1,FX,NFX
14-Jun-2022,USDEUR,0.9608,0.9618,0.9538,0.9599,0,0,0,1,FX,NFX
15-Jun-2022,USDEUR,0.9598,0.9654,0.9516,0.9573,0,0,0,1,FX,NFX
16-Jun-2022,USDEUR,0.9574,0.9633,0.9433,0.9475,0,0,0,1,FX,NFX
17-Jun-2022,USDEUR,0.9479,0.9574,0.9468,0.9528,0,0,0,1,FX,NFX
20-Jun-2022,USDEUR,0.9545,0.9547,0.9482,0.9514,0,0,0,1,FX,NFX
21-Jun-2022,USDEUR,0.9512,0.9516,0.9448,0.9492,0,0,0,1,FX,NFX
22-Jun-2022,USDEUR,0.9495,0.9552,0.9429,0.9463,0,0,0,1,FX,NFX
23-Jun-2022,USDEUR,0.9464,0.9539,0.9449,0.9503,0,0,0,1,FX,NFX
24-Jun-2022,USDEUR,0.9499,0.9513,0.9458,0.9479,0,0,0,1,FX,NFX
27-Jun-2022,USDEUR,0.9477,0.9479,0.942,0.9447,0,0,0,1,FX,NFX
28-Jun-2022,USDEUR,0.9446,0.9521,0.9428,0.9506,0,0,0,1,FX,NFX
29-Jun-2022,USDEUR,0.9507,0.9583,0.949,0.9577,0,0,0,1,FX,NFX
30-Jun-2022,USDEUR,0.9577,0.9632,0.9534,0.9538,0,0,0,1,FX,NFX
01-Jul-2022,USDEUR,0.9538,0.9647,0.9536,0.9589,0,0,0,1,FX,NFX
04-Jul-2022,USDEUR,0.9593,0.9599,0.9557,0.9593,0,0,0,1,FX,NFX
05-Jul-2022,USDEUR,0.9597,0.9769,0.9569,0.974,0,0,0,1,FX,NFX
06-Jul-2022,USDEUR,0.974,0.9841,0.9731,0.9819,0,0,0,1,FX,NFX
07-Jul-2022,USDEUR,0.9819,0.9858,0.9783,0.984,0,0,0,1,FX,NFX
08-Jul-2022,USDEUR,0.9838,0.9929,0.9811,0.9818,0,0,0,1,FX,NFX
11-Jul-2022,USDEUR,0.9824,0.9967,0.9819,0.996,0,0,0,1,FX,NFX
12-Jul-2022,USDEUR,0.9959,1,0.9926,0.996,0,0,0,1,FX,NFX
13-Jul-2022,USDEUR,0.9961,1.0002,0.9879,0.9942,0,0,0,1,FX,NFX
14-Jul-2022,USDEUR,0.9941,1.0048,0.9936,0.998,0,0,0,1,FX,NFX
15-Jul-2022,USDEUR,0.9982,0.9993,0.9902,0.9914,0,0,0,1,FX,NFX
18-Jul-2022,USDEUR,0.9915,0.9922,0.9802,0.9859,0,0,0,1,FX,NFX
19-Jul-2022,USDEUR,0.9859,0.9882,0.9737,0.9778,0,0,0,1,FX,NFX
20-Jul-2022,USDEUR,0.9777,0.9847,0.9734,0.9819,0,0,0,1,FX,NFX
21-Jul-2022,USDEUR,0.9825,0.9849,0.9728,0.9775,0,0,0,1,FX,NFX
22-Jul-2022,USDEUR,0.9775,0.9872,0.975,0.979,0,0,0,1,FX,NFX
25-Jul-2022,USDEUR,0.9791,0.9824,0.9748,0.9786,0,0,0,1,FX,NFX
26-Jul-2022,USDEUR,0.9787,0.9894,0.9755,0.9882,0,0,0,1,FX,NFX
27-Jul-2022,USDEUR,0.9886,0.9904,0.9783,0.9805,0,0,0,1,FX,NFX
28-Jul-2022,USDEUR,0.9799,0.9887,0.9769,0.9807,0,0,0,1,FX,NFX
29-Jul-2022,USDEUR,0.9808,0.9856,0.975,0.9779,0,0,0,1,FX,NFX
01-Aug-2022,USDEUR,0.9786,0.9799,0.9731,0.9744,0,0,0,1,FX,NFX
02-Aug-2022,USDEUR,0.9746,0.9839,0.9714,0.9836,0,0,0,1,FX,NFX
03-Aug-2022,USDEUR,0.9838,0.9879,0.9794,0.9835,0,0,0,1,FX,NFX
04-Aug-2022,USDEUR,0.9837,0.9848,0.975,0.9759,0,0,0,1,FX,NFX
05-Aug-2022,USDEUR,0.9757,0.986,0.9752,0.9823,0,0,0,1,FX,NFX
08-Aug-2022,USDEUR,0.9827,0.9843,0.9781,0.9809,0,0,0,1,FX,NFX
09-Aug-2022,USDEUR,0.9809,0.9815,0.9758,0.979,0,0,0,1,FX,NFX
10-Aug-2022,USDEUR,0.9791,0.9802,0.9644,0.971,0,0,0,1,FX,NFX
11-Aug-2022,USDEUR,0.971,0.9732,0.9647,0.9688,0,0,0,1,FX,NFX
12-Aug-2022,USDEUR,0.9689,0.9767,0.9681,0.9747,0,0,0,1,FX,NFX
15-Aug-2022,USDEUR,0.9747,0.9848,0.9738,0.9842,0,0,0,1,FX,NFX
16-Aug-2022,USDEUR,0.9839,0.9879,0.9808,0.9832,0,0,0,1,FX,NFX
17-Aug-2022,USDEUR,0.9836,0.9857,0.98,0.9822,0,0,0,1,FX,NFX
18-Aug-2022,USDEUR,0.9821,0.9921,0.9809,0.9914,0,0,0,1,FX,NFX
19-Aug-2022,USDEUR,0.9909,1.0043,0.9835,0.9962,0,0,0,1,FX,NFX
22-Aug-2022,USDEUR,0.9959,1.0075,0.9952,1.0056,0,0,0,1,FX,NFX
23-Aug-2022,USDEUR,1.0056,1.0101,0.996,1.0031,0,0,0,1,FX,NFX
24-Aug-2022,USDEUR,1.0032,1.0091,0.9954,1.0033,0,0,0,1,FX,NFX
25-Aug-2022,USDEUR,1.0033,1.0058,0.9966,1.0025,0,0,0,1,FX,NFX
26-Aug-2022,USDEUR,1.0027,1.0054,0.9911,1.0034,0,0,0,1,FX,NFX
29-Aug-2022,USDEUR,1.0033,1.0087,0.9963,1.0001,0,0,0,1,FX,NFX
30-Aug-2022,USDEUR,1.0003,1.0024,0.9946,0.9985,0,0,0,1,FX,NFX
31-Aug-2022,USDEUR,0.9986,1.0029,0.9921,0.9946,0,0,0,1,FX,NFX
01-Sep-2022,USDEUR,0.9948,1.009,0.9941,1.0053,0,0,0,1,FX,NFX
02-Sep-2022,USDEUR,1.0052,1.0057,0.9947,1.0043,0,0,0,1,FX,NFX
05-Sep-2022,USDEUR,1.0075,1.0124,1.0054,1.0069,0,0,0,1,FX,NFX
06-Sep-2022,USDEUR,1.0071,1.0138,1.0012,1.0096,0,0,0,1,FX,NFX
07-Sep-2022,USDEUR,1.0095,1.0127,0.9988,0.9994,0,0,0,1,FX,NFX
08-Sep-2022,USDEUR,0.9993,1.007,0.997,1.0003,0,0,0,1,FX,NFX
09-Sep-2022,USDEUR,1.0002,1.0043,0.9887,0.9956,0,0,0,1,FX,NFX
12-Sep-2022,USDEUR,0.9895,0.994,0.9805,0.9879,0,0,0,1,FX,NFX
13-Sep-2022,USDEUR,0.9877,1.0033,0.9815,1.0031,0,0,0,1,FX,NFX
14-Sep-2022,USDEUR,1.003,1.0044,0.997,1.0019,0,0,0,1,FX,NFX
15-Sep-2022,USDEUR,1.0021,1.0044,0.997,0.9999,0,0,0,1,FX,NFX
16-Sep-2022,USDEUR,0.9999,1.0055,0.9962,0.9985,0,0,0,1,FX,NFX
19-Sep-2022,USDEUR,0.9987,1.0035,0.997,0.9977,0,0,0,1,FX,NFX
20-Sep-2022,USDEUR,0.9978,1.0045,0.9949,1.003,0,0,0,1,FX,NFX
21-Sep-2022,USDEUR,1.0026,1.0191,0.9971,1.0166,0,0,0,1,FX,NFX
22-Sep-2022,USDEUR,1.0165,1.0197,1.0093,1.0169,0,0,0,1,FX,NFX
23-Sep-2022,USDEUR,1.0165,1.0345,1.015,1.032,0,0,0,1,FX,NFX
26-Sep-2022,USDEUR,1.0337,1.047,1.0299,1.0407,0,0,0,1,FX,NFX
27-Sep-2022,USDEUR,1.0407,1.045,1.034,1.043,0,0,0,1,FX,NFX
28-Sep-2022,USDEUR,1.0424,1.0487,1.0254,1.0271,0,0,0,1,FX,NFX
29-Sep-2022,USDEUR,1.027,1.0378,1.0188,1.0189,0,0,0,1,FX,NFX
30-Sep-2022,USDEUR,1.0186,1.0273,1.0148,1.0201,0,0,0,1,FX,NFX
03-Oct-2022,USDEUR,1.0216,1.0254,1.0157,1.0177,0,0,0,1,FX,NFX
04-Oct-2022,USDEUR,1.0175,1.0198,1,1.0013,0,0,0,1,FX,NFX
05-Oct-2022,USDEUR,1.0013,1.0168,0.9982,1.0117,0,0,0,1,FX,NFX
06-Oct-2022,USDEUR,1.0119,1.0217,1.0073,1.0212,0,0,0,1,FX,NFX
07-Oct-2022,USDEUR,1.0213,1.0281,1.0185,1.0266,0,0,0,1,FX,NFX
10-Oct-2022,USDEUR,1.0272,1.0328,1.0252,1.0305,0,0,0,1,FX,NFX
11-Oct-2022,USDEUR,1.0306,1.0341,1.023,1.0302,0,0,0,1,FX,NFX
12-Oct-2022,USDEUR,1.0301,1.0344,1.0272,1.0306,0,0,0,1,FX,NFX
13-Oct-2022,USDEUR,1.0305,1.0382,1.0196,1.0228,0,0,0,1,FX,NFX
14-Oct-2022,USDEUR,1.0229,1.0302,1.0195,1.0285,0,0,0,1,FX,NFX
17-Oct-2022,USDEUR,1.0281,1.0288,1.0149,1.0159,0,0,0,1,FX,NFX
18-Oct-2022,USDEUR,1.0161,1.0192,1.0126,1.0143,0,0,0,1,FX,NFX
19-Oct-2022,USDEUR,1.0144,1.0249,1.0129,1.0233,0,0,0,1,FX,NFX
20-Oct-2022,USDEUR,1.0232,1.0252,1.0155,1.0218,0,0,0,1,FX,NFX
21-Oct-2022,USDEUR,1.0217,1.0304,1.0132,1.014,0,0,0,1,FX,NFX
24-Oct-2022,USDEUR,1.0129,1.0197,1.0102,1.0127,0,0,0,1,FX,NFX
25-Oct-2022,USDEUR,1.0129,1.0154,0.9956,1.0033,0,0,0,1,FX,NFX
26-Oct-2022,USDEUR,1.0032,1.0057,0.991,0.9917,0,0,0,1,FX,NFX
27-Oct-2022,USDEUR,0.9919,1.0082,0.9906,1.0035,0,0,0,1,FX,NFX
28-Oct-2022,USDEUR,1.0034,1.0073,0.9974,1.0034,0,0,0,1,FX,NFX
31-Oct-2022,USDEUR,1.005,1.013,1.0033,1.0119,0,0,0,1,FX,NFX
01-Nov-2022,USDEUR,1.0122,1.0149,1.0046,1.0128,0,0,0,1,FX,NFX
02-Nov-2022,USDEUR,1.0128,1.0192,1.0024,1.0187,0,0,0,1,FX,NFX
03-Nov-2022,USDEUR,1.0182,1.0278,1.0153,1.0257,0,0,0,1,FX,NFX
04-Nov-2022,USDEUR,1.0253,1.0265,1.0032,1.0042,0,0,0,1,FX,NFX
07-Nov-2022,USDEUR,1.0094,1.0094,0.9948,0.9978,0,0,0,1,FX,NFX
08-Nov-2022,USDEUR,0.9983,1.0028,0.9903,0.9926,0,0,0,1,FX,NFX
09-Nov-2022,USDEUR,0.9926,1.003,0.9912,0.9988,0,0,0,1,FX,NFX
10-Nov-2022,USDEUR,0.9988,1.0065,0.9782,0.9792,0,0,0,1,FX,NFX
11-Nov-2022,USDEUR,0.98,0.9839,0.9647,0.9658,0,0,0,1,FX,NFX
14-Nov-2022,USDEUR,0.9672,0.9736,0.9653,0.9683,0,0,0,1,FX,NFX
15-Nov-2022,USDEUR,0.9678,0.9727,0.954,0.9664,0,0,0,1,FX,NFX
16-Nov-2022,USDEUR,0.9665,0.968,0.958,0.9619,0,0,0,1,FX,NFX
17-Nov-2022,USDEUR,0.9621,0.9705,0.9608,0.9648,0,0,0,1,FX,NFX
18-Nov-2022,USDEUR,0.9649,0.9696,0.9618,0.9684,0,0,0,1,FX,NFX
21-Nov-2022,USDEUR,0.9686,0.9782,0.9677,0.9767,0,0,0,1,FX,NFX
22-Nov-2022,USDEUR,0.9763,0.9766,0.97,0.9706,0,0,0,1,FX,NFX
23-Nov-2022,USDEUR,0.9706,0.9712,0.9609,0.9617,0,0,0,1,FX,NFX
24-Nov-2022,USDEUR,0.9617,0.9632,0.9569,0.9604,0,0,0,1,FX,NFX
25-Nov-2022,USDEUR,0.9606,0.9658,0.9587,0.9617,0,0,0,1,FX,NFX
28-Nov-2022,USDEUR,0.964,0.9681,0.9526,0.967,0,0,0,1,FX,NFX
29-Nov-2022,USDEUR,0.9671,0.969,0.9619,0.9681,0,0,0,1,FX,NFX
30-Nov-2022,USDEUR,0.968,0.9718,0.9588,0.9609,0,0,0,1,FX,NFX
01-Dec-2022,USDEUR,0.961,0.9621,0.9493,0.9499,0,0,0,1,FX,NFX
02-Dec-2022,USDEUR,0.9503,0.9589,0.9482,0.9486,0,0,0,1,FX,NFX
05-Dec-2022,USDEUR,0.9492,0.9542,0.9437,0.9531,0,0,0,1,FX,NFX
06-Dec-2022,USDEUR,0.953,0.9561,0.9493,0.9556,0,0,0,1,FX,NFX
07-Dec-2022,USDEUR,0.9554,0.9576,0.9479,0.952,0,0,0,1,FX,NFX
08-Dec-2022,USDEUR,0.9519,0.9534,0.9466,0.9475,0,0,0,1,FX,NFX
09-Dec-2022,USDEUR,0.9472,0.952,0.9443,0.9494,0,0,0,1,FX,NFX
12-Dec-2022,USDEUR,0.9495,0.9518,0.945,0.9488,0,0,0,1,FX,NFX
13-Dec-2022,USDEUR,0.9492,0.9498,0.9368,0.9407,0,0,0,1,FX,NFX
14-Dec-2022,USDEUR,0.9404,0.9439,0.9349,0.9361,0,0,0,1,FX,NFX
15-Dec-2022,USDEUR,0.9362,0.9441,0.9314,0.941,0,0,0,1,FX,NFX
16-Dec-2022,USDEUR,0.9413,0.9447,0.9377,0.9446,0,0,0,1,FX,NFX
19-Dec-2022,USDEUR,0.9443,0.9455,0.9381,0.9427,0,0,0,1,FX,NFX
20-Dec-2022,USDEUR,0.9429,0.9453,0.9381,0.9414,0,0,0,1,FX,NFX
21-Dec-2022,USDEUR,0.941,0.9444,0.9392,0.9429,0,0,0,1,FX,NFX
22-Dec-2022,USDEUR,0.9429,0.9458,0.938,0.9436,0,0,0,1,FX,NFX
23-Dec-2022,USDEUR,0.9437,0.9446,0.9404,0.9421,0,0,0,1,FX,NFX
26-Dec-2022,USDEUR,0.9408,0.9428,0.9393,0.9399,0,0,0,1,FX,NFX
27-Dec-2022,USDEUR,0.9401,0.9424,0.9371,0.9398,0,0,0,1,FX,NFX
28-Dec-2022,USDEUR,0.9395,0.9428,0.9367,0.9422,0,0,0,1,FX,NFX
29-Dec-2022,USDEUR,0.9425,0.9425,0.9354,0.9379,0,0,0,1,FX,NFX
30-Dec-2022,USDEUR,0.9378,0.94,0.9332,0.9344,0,0,0,1,FX,NFX
02-Jan-2023,USDEUR,0.935,0.9389,0.9335,0.9374,0,0,0,1,FX,NFX
03-Jan-2023,USDEUR,0.9376,0.9506,0.9359,0.9481,0,0,0,1,FX,NFX
04-Jan-2023,USDEUR,0.948,0.9487,0.9403,0.9431,0,0,0,1,FX,NFX
05-Jan-2023,USDEUR,0.9429,0.951,0.9405,0.9505,0,0,0,1,FX,NFX
06-Jan-2023,USDEUR,0.9503,0.9539,0.9389,0.9395,0,0,0,1,FX,NFX
09-Jan-2023,USDEUR,0.9397,0.9401,0.9292,0.9318,0,0,0,1,FX,NFX
10-Jan-2023,USDEUR,0.9317,0.9335,0.9294,0.9316,0,0,0,1,FX,NFX
11-Jan-2023,USDEUR,0.9315,0.9324,0.9278,0.9296,0,0,0,1,FX,NFX
12-Jan-2023,USDEUR,0.9296,0.932,0.9201,0.9214,0,0,0,1,FX,NFX
13-Jan-2023,USDEUR,0.9213,0.9276,0.92,0.9231,0,0,0,1,FX,NFX
16-Jan-2023,USDEUR,0.9232,0.9258,0.9195,0.9241,0,0,0,1,FX,NFX
17-Jan-2023,USDEUR,0.924,0.9282,0.9199,0.9269,0,0,0,1,FX,NFX
18-Jan-2023,USDEUR,0.9267,0.9288,0.9183,0.9264,0,0,0,1,FX,NFX
19-Jan-2023,USDEUR,0.9267,0.9274,0.9224,0.9234,0,0,0,1,FX,NFX
20-Jan-2023,USDEUR,0.9232,0.9257,0.9207,0.921,0,0,0,1,FX,NFX
23-Jan-2023,USDEUR,0.9201,0.922,0.9152,0.9196,0,0,0,1,FX,NFX
24-Jan-2023,USDEUR,0.9196,0.9229,0.9175,0.9183,0,0,0,1,FX,NFX
25-Jan-2023,USDEUR,0.9184,0.9211,0.9153,0.9162,0,0,0,1,FX,NFX
26-Jan-2023,USDEUR,0.9161,0.9216,0.9149,0.918,0,0,0,1,FX,NFX
27-Jan-2023,USDEUR,0.9182,0.9227,0.9173,0.92,0,0,0,1,FX,NFX
30-Jan-2023,USDEUR,0.9202,0.9226,0.9161,0.9214,0,0,0,1,FX,NFX
31-Jan-2023,USDEUR,0.9217,0.9258,0.9194,0.9205,0,0,0,1,FX,NFX
01-Feb-2023,USDEUR,0.9204,0.9215,0.909,0.91,0,0,0,1,FX,NFX
02-Feb-2023,USDEUR,0.9099,0.9186,0.9063,0.9164,0,0,0,1,FX,NFX
03-Feb-2023,USDEUR,0.9166,0.9265,0.914,0.9264,0,0,0,1,FX,NFX
06-Feb-2023,USDEUR,0.9273,0.9337,0.9259,0.9324,0,0,0,1,FX,NFX
07-Feb-2023,USDEUR,0.9323,0.9373,0.9287,0.9322,0,0,0,1,FX,NFX
08-Feb-2023,USDEUR,0.9321,0.9337,0.9292,0.9335,0,0,0,1,FX,NFX
09-Feb-2023,USDEUR,0.9334,0.9338,0.9265,0.9311,0,0,0,1,FX,NFX
10-Feb-2023,USDEUR,0.9315,0.9375,0.9298,0.9365,0,0,0,1,FX,NFX
13-Feb-2023,USDEUR,0.9361,0.9385,0.9318,0.9325,0,0,0,1,FX,NFX
14-Feb-2023,USDEUR,0.9326,0.934,0.9254,0.9315,0,0,0,1,FX,NFX
15-Feb-2023,USDEUR,0.9313,0.938,0.9306,0.9355,0,0,0,1,FX,NFX
16-Feb-2023,USDEUR,0.9355,0.9386,0.9326,0.937,0,0,0,1,FX,NFX
17-Feb-2023,USDEUR,0.9369,0.9423,0.9346,0.9351,0,0,0,1,FX,NFX
20-Feb-2023,USDEUR,0.9356,0.9372,0.9341,0.9358,0,0,0,1,FX,NFX
21-Feb-2023,USDEUR,0.9356,0.9401,0.9347,0.9391,0,0,0,1,FX,NFX
22-Feb-2023,USDEUR,0.9391,0.9435,0.9377,0.943,0,0,0,1,FX,NFX
23-Feb-2023,USDEUR,0.943,0.9454,0.9407,0.9438,0,0,0,1,FX,NFX
24-Feb-2023,USDEUR,0.9438,0.9491,0.9421,0.9483,0,0,0,1,FX,NFX
27-Feb-2023,USDEUR,0.948,0.9495,0.9415,0.9425,0,0,0,1,FX,NFX
28-Feb-2023,USDEUR,0.9428,0.9457,0.9394,0.9455,0,0,0,1,FX,NFX
01-Mar-2023,USDEUR,0.9454,0.9465,0.9352,0.9374,0,0,0,1,FX,NFX
02-Mar-2023,USDEUR,0.9373,0.9455,0.9368,0.9437,0,0,0,1,FX,NFX
03-Mar-2023,USDEUR,0.9436,0.9445,0.9399,0.9404,0,0,0,1,FX,NFX
06-Mar-2023,USDEUR,0.941,0.9414,0.9349,0.9361,0,0,0,1,FX,NFX
07-Mar-2023,USDEUR,0.9366,0.9483,0.9349,0.9479,0,0,0,1,FX,NFX
08-Mar-2023,USDEUR,0.9479,0.9502,0.9456,0.9483,0,0,0,1,FX,NFX
09-Mar-2023,USDEUR,0.9483,0.949,0.944,0.9449,0,0,0,1,FX,NFX
10-Mar-2023,USDEUR,0.9452,0.9457,0.9344,0.9397,0,0,0,1,FX,NFX
13-Mar-2023,USDEUR,0.9362,0.9389,0.9301,0.9318,0,0,0,1,FX,NFX
14-Mar-2023,USDEUR,0.9319,0.9364,0.9302,0.9317,0,0,0,1,FX,NFX
15-Mar-2023,USDEUR,0.9316,0.9509,0.9293,0.9454,0,0,0,1,FX,NFX
16-Mar-2023,USDEUR,0.9453,0.9478,0.9402,0.9424,0,0,0,1,FX,NFX
17-Mar-2023,USDEUR,0.9425,0.9427,0.9357,0.9374,0,0,0,1,FX,NFX
20-Mar-2023,USDEUR,0.9355,0.9406,0.9317,0.9326,0,0,0,1,FX,NFX
21-Mar-2023,USDEUR,0.9328,0.9343,0.9267,0.9286,0,0,0,1,FX,NFX
22-Mar-2023,USDEUR,0.9286,0.9295,0.9163,0.9211,0,0,0,1,FX,NFX
23-Mar-2023,USDEUR,0.921,0.9238,0.9149,0.9231,0,0,0,1,FX,NFX
24-Mar-2023,USDEUR,0.9231,0.9334,0.9224,0.9295,0,0,0,1,FX,NFX
27-Mar-2023,USDEUR,0.9279,0.9307,0.9257,0.9261,0,0,0,1,FX,NFX
28-Mar-2023,USDEUR,0.9261,0.9263,0.9216,0.9221,0,0,0,1,FX,NFX
29-Mar-2023,USDEUR,0.9222,0.9244,0.9197,0.9222,0,0,0,1,FX,NFX
30-Mar-2023,USDEUR,0.9221,0.9239,0.9151,0.917,0,0,0,1,FX,NFX
31-Mar-2023,USDEUR,0.917,0.9228,0.9151,0.9224,0,0,0,1,FX,NFX
03-Apr-2023,USDEUR,0.9223,0.9269,0.916,0.9172,0,0,0,1,FX,NFX
04-Apr-2023,USDEUR,0.9176,0.9189,0.9111,0.913,0,0,0,1,FX,NFX
05-Apr-2023,USDEUR,0.9131,0.9182,0.9116,0.9168,0,0,0,1,FX,NFX
06-Apr-2023,USDEUR,0.917,0.9187,0.9142,0.9157,0,0,0,1,FX,NFX
07-Apr-2023,USDEUR,0.9154,0.9194,0.9151,0.917,0,0,0,1,FX,NFX
10-Apr-2023,USDEUR,0.9173,0.9233,0.916,0.9207,0,0,0,1,FX,NFX
11-Apr-2023,USDEUR,0.9205,0.921,0.915,0.9163,0,0,0,1,FX,NFX
12-Apr-2023,USDEUR,0.9164,0.9165,0.9089,0.9097,0,0,0,1,FX,NFX
13-Apr-2023,USDEUR,0.9098,0.911,0.9034,0.9052,0,0,0,1,FX,NFX
14-Apr-2023,USDEUR,0.9051,0.9114,0.9028,0.9096,0,0,0,1,FX,NFX
17-Apr-2023,USDEUR,0.9098,0.9166,0.909,0.9151,0,0,0,1,FX,NFX
18-Apr-2023,USDEUR,0.9153,0.9155,0.9103,0.9113,0,0,0,1,FX,NFX
19-Apr-2023,USDEUR,0.9113,0.916,0.9103,0.9128,0,0,0,1,FX,NFX
20-Apr-2023,USDEUR,0.9127,0.9146,0.9098,0.9116,0,0,0,1,FX,NFX
21-Apr-2023,USDEUR,0.9114,0.9142,0.9095,0.9099,0,0,0,1,FX,NFX
24-Apr-2023,USDEUR,0.9099,0.912,0.9049,0.9053,0,0,0,1,FX,NFX
25-Apr-2023,USDEUR,0.9052,0.9121,0.9034,0.9112,0,0,0,1,FX,NFX
26-Apr-2023,USDEUR,0.9112,0.9117,0.9012,0.9058,0,0,0,1,FX,NFX
27-Apr-2023,USDEUR,0.9055,0.9098,0.9037,0.9067,0,0,0,1,FX,NFX
28-Apr-2023,USDEUR,0.9068,0.9122,0.9053,0.9078,0,0,0,1,FX,NFX
01-May-2023,USDEUR,0.9067,0.9121,0.9061,0.911,0,0,0,1,FX,NFX
02-May-2023,USDEUR,0.9112,0.9139,0.9083,0.9092,0,0,0,1,FX,NFX
03-May-2023,USDEUR,0.909,0.9093,0.9015,0.9039,0,0,0,1,FX,NFX
04-May-2023,USDEUR,0.904,0.9103,0.9015,0.9081,0,0,0,1,FX,NFX
05-May-2023,USDEUR,0.9079,0.9118,0.9051,0.9076,0,0,0,1,FX,NFX
08-May-2023,USDEUR,0.9072,0.9091,0.9046,0.9088,0,0,0,1,FX,NFX
09-May-2023,USDEUR,0.9086,0.914,0.9083,0.9123,0,0,0,1,FX,NFX
10-May-2023,USDEUR,0.9122,0.914,0.9084,0.9106,0,0,0,1,FX,NFX
11-May-2023,USDEUR,0.9104,0.9174,0.9092,0.9161,0,0,0,1,FX,NFX
12-May-2023,USDEUR,0.9162,0.9218,0.9143,0.9216,0,0,0,1,FX,NFX
15-May-2023,USDEUR,0.9215,0.9218,0.918,0.9195,0,0,0,1,FX,NFX
16-May-2023,USDEUR,0.9196,0.9213,0.917,0.9204,0,0,0,1,FX,NFX
17-May-2023,USDEUR,0.9206,0.9251,0.9196,0.9224,0,0,0,1,FX,NFX
18-May-2023,USDEUR,0.9225,0.9292,0.9216,0.9284,0,0,0,1,FX,NFX
19-May-2023,USDEUR,0.9284,0.9294,0.9233,0.9255,0,0,0,1,FX,NFX
22-May-2023,USDEUR,0.9252,0.9263,0.9232,0.9248,0,0,0,1,FX,NFX
23-May-2023,USDEUR,0.9247,0.9294,0.924,0.9284,0,0,0,1,FX,NFX
24-May-2023,USDEUR,0.9282,0.9304,0.9258,0.9303,0,0,0,1,FX,NFX
25-May-2023,USDEUR,0.9302,0.9339,0.9295,0.9324,0,0,0,1,FX,NFX
26-May-2023,USDEUR,0.9325,0.9345,0.9294,0.9322,0,0,0,1,FX,NFX
29-May-2023,USDEUR,0.9329,0.9341,0.9306,0.9338,0,0,0,1,FX,NFX
30-May-2023,USDEUR,0.9338,0.937,0.9304,0.9316,0,0,0,1,FX,NFX
31-May-2023,USDEUR,0.9316,0.9403,0.9313,0.9355,0,0,0,1,FX,NFX
01-Jun-2023,USDEUR,0.9356,0.9379,0.9284,0.9291,0,0,0,1,FX,NFX
02-Jun-2023,USDEUR,0.9288,0.9342,0.9277,0.9339,0,0,0,1,FX,NFX
05-Jun-2023,USDEUR,0.9334,0.9368,0.9326,0.9333,0,0,0,1,FX,NFX
06-Jun-2023,USDEUR,0.9329,0.9375,0.9317,0.9352,0,0,0,1,FX,NFX
07-Jun-2023,USDEUR,0.9351,0.9374,0.9311,0.9345,0,0,0,1,FX,NFX
08-Jun-2023,USDEUR,0.9345,0.9349,0.927,0.9275,0,0,0,1,FX,NFX
09-Jun-2023,USDEUR,0.9274,0.9309,0.9269,0.9304,0,0,0,1,FX,NFX
12-Jun-2023,USDEUR,0.9304,0.9317,0.9267,0.9296,0,0,0,1,FX,NFX
13-Jun-2023,USDEUR,0.9296,0.9297,0.9239,0.9265,0,0,0,1,FX,NFX
14-Jun-2023,USDEUR,0.9262,0.9282,0.9203,0.9233,0,0,0,1,FX,NFX
15-Jun-2023,USDEUR,0.9233,0.9256,0.9129,0.9136,0,0,0,1,FX,NFX
16-Jun-2023,USDEUR,0.9137,0.9159,0.9114,0.9141,0,0,0,1,FX,NFX
19-Jun-2023,USDEUR,0.9141,0.9168,0.9133,0.9155,0,0,0,1,FX,NFX
20-Jun-2023,USDEUR,0.9155,0.9181,0.9134,0.9158,0,0,0,1,FX,NFX
21-Jun-2023,USDEUR,0.916,0.917,0.9097,0.9102,0,0,0,1,FX,NFX
22-Jun-2023,USDEUR,0.9102,0.9134,0.9081,0.9128,0,0,0,1,FX,NFX
23-Jun-2023,USDEUR,0.9127,0.9222,0.9116,0.918,0,0,0,1,FX,NFX
26-Jun-2023,USDEUR,0.9169,0.9185,0.9155,0.917,0,0,0,1,FX,NFX
27-Jun-2023,USDEUR,0.9169,0.9173,0.9109,0.9123,0,0,0,1,FX,NFX
28-Jun-2023,USDEUR,0.9123,0.9176,0.9115,0.9162,0,0,0,1,FX,NFX
29-Jun-2023,USDEUR,0.9161,0.9208,0.9139,0.9204,0,0,0,1,FX,NFX
30-Jun-2023,USDEUR,0.9204,0.9229,0.9146,0.9165,0,0,0,1,FX,NFX
03-Jul-2023,USDEUR,0.9165,0.9199,0.9144,0.9163,0,0,0,1,FX,NFX
04-Jul-2023,USDEUR,0.9163,0.9194,0.9155,0.9192,0,0,0,1,FX,NFX
05-Jul-2023,USDEUR,0.9188,0.9216,0.9167,0.9213,0,0,0,1,FX,NFX
06-Jul-2023,USDEUR,0.9211,0.9231,0.9173,0.9183,0,0,0,1,FX,NFX
07-Jul-2023,USDEUR,0.9183,0.9203,0.9111,0.9123,0,0,0,1,FX,NFX
10-Jul-2023,USDEUR,0.9121,0.9138,0.9088,0.909,0,0,0,1,FX,NFX
11-Jul-2023,USDEUR,0.909,0.911,0.9069,0.9084,0,0,0,1,FX,NFX
12-Jul-2023,USDEUR,0.9082,0.9086,0.8974,0.8984,0,0,0,1,FX,NFX
13-Jul-2023,USDEUR,0.8984,0.8986,0.8905,0.8908,0,0,0,1,FX,NFX
14-Jul-2023,USDEUR,0.8908,0.8925,0.8892,0.8906,0,0,0,1,FX,NFX
17-Jul-2023,USDEUR,0.8902,0.8925,0.8888,0.8898,0,0,0,1,FX,NFX
18-Jul-2023,USDEUR,0.8898,0.8922,0.8868,0.8907,0,0,0,1,FX,NFX
19-Jul-2023,USDEUR,0.8906,0.8949,0.8895,0.8927,0,0,0,1,FX,NFX
20-Jul-2023,USDEUR,0.8928,0.8994,0.8904,0.8983,0,0,0,1,FX,NFX
21-Jul-2023,USDEUR,0.8985,0.9003,0.8971,0.8988,0,0,0,1,FX,NFX
24-Jul-2023,USDEUR,0.8987,0.9041,0.897,0.9038,0,0,0,1,FX,NFX
25-Jul-2023,USDEUR,0.9034,0.9073,0.9018,0.9045,0,0,0,1,FX,NFX
26-Jul-2023,USDEUR,0.9046,0.906,0.9003,0.902,0,0,0,1,FX,NFX
27-Jul-2023,USDEUR,0.9022,0.912,0.8967,0.911,0,0,0,1,FX,NFX
28-Jul-2023,USDEUR,0.9107,0.9138,0.9051,0.9075,0,0,0,1,FX,NFX
31-Jul-2023,USDEUR,0.9075,0.9097,0.9052,0.9093,0,0,0,1,FX,NFX
01-Aug-2023,USDEUR,0.9095,0.9131,0.9086,0.9104,0,0,0,1,FX,NFX
02-Aug-2023,USDEUR,0.9104,0.9159,0.9074,0.9142,0,0,0,1,FX,NFX
03-Aug-2023,USDEUR,0.9142,0.9164,0.9121,0.9133,0,0,0,1,FX,NFX
04-Aug-2023,USDEUR,0.9134,0.9145,0.9055,0.9082,0,0,0,1,FX,NFX
07-Aug-2023,USDEUR,0.9076,0.912,0.9076,0.9089,0,0,0,1,FX,NFX
08-Aug-2023,USDEUR,0.9089,0.915,0.9078,0.9127,0,0,0,1,FX,NFX
09-Aug-2023,USDEUR,0.9131,0.9131,0.9093,0.9112,0,0,0,1,FX,NFX
10-Aug-2023,USDEUR,0.9112,0.9118,0.9037,0.9107,0,0,0,1,FX,NFX
11-Aug-2023,USDEUR,0.9104,0.9139,0.9085,0.9134,0,0,0,1,FX,NFX
14-Aug-2023,USDEUR,0.913,0.9195,0.9123,0.9169,0,0,0,1,FX,NFX
15-Aug-2023,USDEUR,0.917,0.9178,0.913,0.9171,0,0,0,1,FX,NFX
16-Aug-2023,USDEUR,0.9169,0.9198,0.9144,0.9193,0,0,0,1,FX,NFX
17-Aug-2023,USDEUR,0.9189,0.9211,0.9157,0.9197,0,0,0,1,FX,NFX
18-Aug-2023,USDEUR,0.9198,0.9221,0.9178,0.9197,0,0,0,1,FX,NFX
21-Aug-2023,USDEUR,0.9199,0.92,0.9161,0.9178,0,0,0,1,FX,NFX
22-Aug-2023,USDEUR,0.918,0.9232,0.9148,0.922,0,0,0,1,FX,NFX
23-Aug-2023,USDEUR,0.922,0.9257,0.9197,0.9206,0,0,0,1,FX,NFX
24-Aug-2023,USDEUR,0.9204,0.9255,0.9192,0.9251,0,0,0,1,FX,NFX
25-Aug-2023,USDEUR,0.925,0.9288,0.9223,0.9264,0,0,0,1,FX,NFX
28-Aug-2023,USDEUR,0.9261,0.9265,0.9239,0.9243,0,0,0,1,FX,NFX
29-Aug-2023,USDEUR,0.9246,0.9274,0.9179,0.9191,0,0,0,1,FX,NFX
30-Aug-2023,USDEUR,0.9193,0.9213,0.9135,0.9155,0,0,0,1,FX,NFX
31-Aug-2023,USDEUR,0.9153,0.923,0.914,0.9222,0,0,0,1,FX,NFX
01-Sep-2023,USDEUR,0.9224,0.9284,0.9189,0.9278,0,0,0,1,FX,NFX
04-Sep-2023,USDEUR,0.9277,0.9284,0.925,0.9263,0,0,0,1,FX,NFX
05-Sep-2023,USDEUR,0.9263,0.934,0.9257,0.9327,0,0,0,1,FX,NFX
06-Sep-2023,USDEUR,0.9326,0.9344,0.9302,0.9323,0,0,0,1,FX,NFX
07-Sep-2023,USDEUR,0.9324,0.9358,0.9316,0.9348,0,0,0,1,FX,NFX
08-Sep-2023,USDEUR,0.9345,0.9352,0.9306,0.9346,0,0,0,1,FX,NFX
11-Sep-2023,USDEUR,0.9331,0.9338,0.9294,0.9302,0,0,0,1,FX,NFX
12-Sep-2023,USDEUR,0.9303,0.9341,0.9285,0.9297,0,0,0,1,FX,NFX
13-Sep-2023,USDEUR,0.9297,0.9336,0.9281,0.9318,0,0,0,1,FX,NFX
14-Sep-2023,USDEUR,0.9321,0.9406,0.9298,0.9396,0,0,0,1,FX,NFX
15-Sep-2023,USDEUR,0.9397,0.9405,0.9355,0.9379,0,0,0,1,FX,NFX
18-Sep-2023,USDEUR,0.9378,0.9386,0.9345,0.9354,0,0,0,1,FX,NFX
19-Sep-2023,USDEUR,0.9356,0.9368,0.9328,0.9364,0,0,0,1,FX,NFX
20-Sep-2023,USDEUR,0.9363,0.939,0.9312,0.9379,0,0,0,1,FX,NFX
21-Sep-2023,USDEUR,0.9383,0.9419,0.9368,0.938,0,0,0,1,FX,NFX
22-Sep-2023,USDEUR,0.9382,0.9421,0.9369,0.9391,0,0,0,1,FX,NFX
25-Sep-2023,USDEUR,0.9386,0.9456,0.9384,0.944,0,0,0,1,FX,NFX
26-Sep-2023,USDEUR,0.944,0.9468,0.9425,0.9458,0,0,0,1,FX,NFX
27-Sep-2023,USDEUR,0.9458,0.9535,0.9453,0.952,0,0,0,1,FX,NFX
28-Sep-2023,USDEUR,0.9518,0.9533,0.9451,0.9463,0,0,0,1,FX,NFX
29-Sep-2023,USDEUR,0.9468,0.9472,0.9417,0.9459,0,0,0,1,FX,NFX
02-Oct-2023,USDEUR,0.9461,0.9546,0.9439,0.9544,0,0,0,1,FX,NFX
03-Oct-2023,USDEUR,0.9544,0.9571,0.9528,0.9555,0,0,0,1,FX,NFX
04-Oct-2023,USDEUR,0.9554,0.9568,0.9494,0.952,0,0,0,1,FX,NFX
05-Oct-2023,USDEUR,0.952,0.9524,0.9476,0.9478,0,0,0,1,FX,NFX
06-Oct-2023,USDEUR,0.948,0.954,0.9433,0.9445,0,0,0,1,FX,NFX
09-Oct-2023,USDEUR,0.9477,0.9506,0.9456,0.9463,0,0,0,1,FX,NFX
10-Oct-2023,USDEUR,0.9466,0.9475,0.9415,0.9427,0,0,0,1,FX,NFX
11-Oct-2023,USDEUR,0.943,0.9452,0.9402,0.9417,0,0,0,1,FX,NFX
12-Oct-2023,USDEUR,0.9419,0.9501,0.9398,0.9497,0,0,0,1,FX,NFX
13-Oct-2023,USDEUR,0.9496,0.9528,0.947,0.9516,0,0,0,1,FX,NFX
16-Oct-2023,USDEUR,0.951,0.9515,0.9466,0.9469,0,0,0,1,FX,NFX
17-Oct-2023,USDEUR,0.9468,0.9495,0.9437,0.9453,0,0,0,1,FX,NFX
18-Oct-2023,USDEUR,0.9453,0.9503,0.9438,0.949,0,0,0,1,FX,NFX
19-Oct-2023,USDEUR,0.949,0.9499,0.9419,0.945,0,0,0,1,FX,NFX
20-Oct-2023,USDEUR,0.9448,0.9465,0.943,0.9439,0,0,0,1,FX,NFX
23-Oct-2023,USDEUR,0.9437,0.9459,0.9365,0.9372,0,0,0,1,FX,NFX
24-Oct-2023,USDEUR,0.9372,0.945,0.9349,0.9444,0,0,0,1,FX,NFX
25-Oct-2023,USDEUR,0.944,0.9465,0.9426,0.9463,0,0,0,1,FX,NFX
26-Oct-2023,USDEUR,0.9459,0.9504,0.9456,0.9466,0,0,0,1,FX,NFX
27-Oct-2023,USDEUR,0.9468,0.9492,0.9435,0.9465,0,0,0,1,FX,NFX
30-Oct-2023,USDEUR,0.9461,0.9482,0.941,0.942,0,0,0,1,FX,NFX
31-Oct-2023,USDEUR,0.9418,0.9472,0.9367,0.9454,0,0,0,1,FX,NFX
01-Nov-2023,USDEUR,0.9455,0.9508,0.945,0.946,0,0,0,1,FX,NFX
02-Nov-2023,USDEUR,0.9459,0.9463,0.9373,0.9415,0,0,0,1,FX,NFX
03-Nov-2023,USDEUR,0.9413,0.9421,0.9304,0.9318,0,0,0,1,FX,NFX
06-Nov-2023,USDEUR,0.9324,0.9333,0.9295,0.9329,0,0,0,1,FX,NFX
07-Nov-2023,USDEUR,0.9331,0.9377,0.9324,0.9346,0,0,0,1,FX,NFX
08-Nov-2023,USDEUR,0.9343,0.9382,0.9331,0.9336,0,0,0,1,FX,NFX
09-Nov-2023,USDEUR,0.9341,0.9381,0.9322,0.9373,0,0,0,1,FX,NFX
10-Nov-2023,USDEUR,0.9375,0.9384,0.935,0.9357,0,0,0,1,FX,NFX
13-Nov-2023,USDEUR,0.9359,0.9376,0.9339,0.9346,0,0,0,1,FX,NFX
14-Nov-2023,USDEUR,0.9345,0.9353,0.9184,0.9192,0,0,0,1,FX,NFX
15-Nov-2023,USDEUR,0.9192,0.9232,0.9185,0.9219,0,0,0,1,FX,NFX
16-Nov-2023,USDEUR,0.9218,0.9233,0.9177,0.9214,0,0,0,1,FX,NFX
17-Nov-2023,USDEUR,0.9215,0.9238,0.916,0.9162,0,0,0,1,FX,NFX
20-Nov-2023,USDEUR,0.9164,0.9176,0.913,0.914,0,0,0,1,FX,NFX
21-Nov-2023,USDEUR,0.9141,0.9174,0.9119,0.9165,0,0,0,1,FX,NFX
22-Nov-2023,USDEUR,0.9162,0.9214,0.9154,0.9184,0,0,0,1,FX,NFX
23-Nov-2023,USDEUR,0.9184,0.9189,0.9147,0.9168,0,0,0,1,FX,NFX
24-Nov-2023,USDEUR,0.9168,0.9179,0.9103,0.914,0,0,0,1,FX,NFX
27-Nov-2023,USDEUR,0.9136,0.9154,0.9123,0.9129,0,0,0,1,FX,NFX
28-Nov-2023,USDEUR,0.9128,0.9145,0.9082,0.9097,0,0,0,1,FX,NFX
29-Nov-2023,USDEUR,0.9096,0.9124,0.9075,0.9116,0,0,0,1,FX,NFX
30-Nov-2023,USDEUR,0.9116,0.9192,0.9103,0.9184,0,0,0,1,FX,NFX
01-Dec-2023,USDEUR,0.9183,0.9234,0.9162,0.9188,0,0,0,1,FX,NFX
04-Dec-2023,USDEUR,0.9192,0.9256,0.9178,0.9228,0,0,0,1,FX,NFX
05-Dec-2023,USDEUR,0.9229,0.9279,0.9217,0.9263,0,0,0,1,FX,NFX
06-Dec-2023,USDEUR,0.9263,0.9295,0.9254,0.9289,0,0,0,1,FX,NFX
07-Dec-2023,USDEUR,0.9285,0.9298,0.9244,0.9264,0,0,0,1,FX,NFX
08-Dec-2023,USDEUR,0.9265,0.9325,0.9259,0.9291,0,0,0,1,FX,NFX
11-Dec-2023,USDEUR,0.9293,0.931,0.9277,0.9288,0,0,0,1,FX,NFX
12-Dec-2023,USDEUR,0.929,0.9294,0.9234,0.9264,0,0,0,1,FX,NFX
13-Dec-2023,USDEUR,0.9264,0.9283,0.9176,0.9196,0,0,0,1,FX,NFX
14-Dec-2023,USDEUR,0.9196,0.9198,0.9082,0.9095,0,0,0,1,FX,NFX
15-Dec-2023,USDEUR,0.9096,0.9185,0.9082,0.9179,0,0,0,1,FX,NFX
18-Dec-2023,USDEUR,0.9174,0.9181,0.9147,0.9155,0,0,0,1,FX,NFX
19-Dec-2023,USDEUR,0.9156,0.9162,0.91,0.9106,0,0,0,1,FX,NFX
20-Dec-2023,USDEUR,0.9107,0.915,0.9102,0.9139,0,0,0,1,FX,NFX
21-Dec-2023,USDEUR,0.914,0.9145,0.908,0.9081,0,0,0,1,FX,NFX
22-Dec-2023,USDEUR,0.9081,0.9096,0.9057,0.9079,0,0,0,1,FX,NFX
25-Dec-2023,USDEUR,0.9076,0.9095,0.9017,0.9082,0,0,0,1,FX,NFX
26-Dec-2023,USDEUR,0.9079,0.9084,0.9052,0.9056,0,0,0,1,FX,NFX
27-Dec-2023,USDEUR,0.9056,0.9067,0.8989,0.9004,0,0,0,1,FX,NFX
28-Dec-2023,USDEUR,0.9004,0.9046,0.8976,0.904,0,0,0,1,FX,NFX
29-Dec-2023,USDEUR,0.9038,0.9063,0.9021,0.9059,0,0,0,1,FX,NFX
01-Jan-2024,USDEUR,0.9059,0.9061,0.9025,0.9052,0,0,0,1,FX,NFX
02-Jan-2024,USDEUR,0.9053,0.9142,0.9045,0.9139,0,0,0,1,FX,NFX
03-Jan-2024,USDEUR,0.9134,0.918,0.912,0.9154,0,0,0,1,FX,NFX
04-Jan-2024,USDEUR,0.9157,0.9162,0.9113,0.9137,0,0,0,1,FX,NFX
05-Jan-2024,USDEUR,0.9135,0.9194,0.9092,0.9141,0,0,0,1,FX,NFX
08-Jan-2024,USDEUR,0.9136,0.9155,0.9107,0.9132,0,0,0,1,FX,NFX
09-Jan-2024,USDEUR,0.9129,0.9166,0.9118,0.9148,0,0,0,1,FX,NFX
10-Jan-2024,USDEUR,0.915,0.9156,0.9112,0.9114,0,0,0,1,FX,NFX
11-Jan-2024,USDEUR,0.9115,0.9149,0.9091,0.9114,0,0,0,1,FX,NFX
12-Jan-2024,USDEUR,0.9114,0.9144,0.9101,0.9132,0,0,0,1,FX,NFX
15-Jan-2024,USDEUR,0.9134,0.9146,0.9117,0.9132,0,0,0,1,FX,NFX
16-Jan-2024,USDEUR,0.9133,0.9206,0.9129,0.9195,0,0,0,1,FX,NFX
17-Jan-2024,USDEUR,0.9194,0.9222,0.9186,0.9188,0,0,0,1,FX,NFX
18-Jan-2024,USDEUR,0.9189,0.922,0.9168,0.9194,0,0,0,1,FX,NFX
19-Jan-2024,USDEUR,0.9194,0.9204,0.9174,0.9177,0,0,0,1,FX,NFX
22-Jan-2024,USDEUR,0.9181,0.9192,0.9165,0.9189,0,0,0,1,FX,NFX
23-Jan-2024,USDEUR,0.9186,0.9241,0.916,0.9213,0,0,0,1,FX,NFX
24-Jan-2024,USDEUR,0.9213,0.9221,0.9146,0.9187,0,0,0,1,FX,NFX
25-Jan-2024,USDEUR,0.9185,0.9241,0.9172,0.9218,0,0,0,1,FX,NFX
26-Jan-2024,USDEUR,0.922,0.9248,0.9185,0.9214,0,0,0,1,FX,NFX
29-Jan-2024,USDEUR,0.9222,0.9263,0.9215,0.9229,0,0,0,1,FX,NFX
30-Jan-2024,USDEUR,0.9232,0.925,0.9208,0.922,0,0,0,1,FX,NFX
31-Jan-2024,USDEUR,0.9224,0.9264,0.9184,0.9244,0,0,0,1,FX,NFX
01-Feb-2024,USDEUR,0.9244,0.9277,0.9194,0.9198,0,0,0,1,FX,NFX
02-Feb-2024,USDEUR,0.9198,0.9276,0.9175,0.927,0,0,0,1,FX,NFX
05-Feb-2024,USDEUR,0.9272,0.9326,0.927,0.9309,0,0,0,1,FX,NFX
06-Feb-2024,USDEUR,0.9309,0.9326,0.9291,0.9297,0,0,0,1,FX,NFX
07-Feb-2024,USDEUR,0.9298,0.9301,0.9272,0.9282,0,0,0,1,FX,NFX
08-Feb-2024,USDEUR,0.9281,0.931,0.9267,0.9278,0,0,0,1,FX,NFX
09-Feb-2024,USDEUR,0.9278,0.9293,0.9263,0.9273,0,0,0,1,FX,NFX
12-Feb-2024,USDEUR,0.9275,0.9297,0.9254,0.9283,0,0,0,1,FX,NFX
13-Feb-2024,USDEUR,0.9281,0.9346,0.9259,0.9338,0,0,0,1,FX,NFX
14-Feb-2024,USDEUR,0.9338,0.9351,0.9315,0.9322,0,0,0,1,FX,NFX
15-Feb-2024,USDEUR,0.9321,0.9325,0.9271,0.9282,0,0,0,1,FX,NFX
16-Feb-2024,USDEUR,0.9282,0.9318,0.9268,0.9278,0,0,0,1,FX,NFX
19-Feb-2024,USDEUR,0.9281,0.9293,0.9266,0.9277,0,0,0,1,FX,NFX
20-Feb-2024,USDEUR,0.9277,0.9293,0.9224,0.9252,0,0,0,1,FX,NFX
21-Feb-2024,USDEUR,0.9251,0.9268,0.9237,0.9244,0,0,0,1,FX,NFX
22-Feb-2024,USDEUR,0.9243,0.9257,0.9182,0.9239,0,0,0,1,FX,NFX
23-Feb-2024,USDEUR,0.9238,0.9249,0.9224,0.9241,0,0,0,1,FX,NFX
26-Feb-2024,USDEUR,0.9232,0.9248,0.9207,0.9214,0,0,0,1,FX,NFX
27-Feb-2024,USDEUR,0.9217,0.9232,0.9202,0.9222,0,0,0,1,FX,NFX
28-Feb-2024,USDEUR,0.9222,0.9263,0.9217,0.9225,0,0,0,1,FX,NFX
29-Feb-2024,USDEUR,0.9227,0.9263,0.921,0.9254,0,0,0,1,FX,NFX
01-Mar-2024,USDEUR,0.9258,0.9261,0.9222,0.9224,0,0,0,1,FX,NFX
04-Mar-2024,USDEUR,0.9226,0.9227,0.9202,0.9211,0,0,0,1,FX,NFX
05-Mar-2024,USDEUR,0.921,0.9225,0.9194,0.921,0,0,0,1,FX,NFX
06-Mar-2024,USDEUR,0.9208,0.9224,0.9161,0.9175,0,0,0,1,FX,NFX
07-Mar-2024,USDEUR,0.9176,0.9202,0.9132,0.9134,0,0,0,1,FX,NFX
08-Mar-2024,USDEUR,0.9135,0.9159,0.9105,0.9141,0,0,0,1,FX,NFX
11-Mar-2024,USDEUR,0.9137,0.9162,0.9133,0.9153,0,0,0,1,FX,NFX
12-Mar-2024,USDEUR,0.9153,0.9174,0.9137,0.9152,0,0,0,1,FX,NFX
13-Mar-2024,USDEUR,0.9151,0.9158,0.9121,0.9135,0,0,0,1,FX,NFX
14-Mar-2024,USDEUR,0.9131,0.9191,0.9127,0.9188,0,0,0,1,FX,NFX
15-Mar-2024,USDEUR,0.9188,0.9197,0.9173,0.9184,0,0,0,1,FX,NFX
18-Mar-2024,USDEUR,0.9182,0.9204,0.9168,0.9198,0,0,0,1,FX,NFX
19-Mar-2024,USDEUR,0.9196,0.923,0.9193,0.9203,0,0,0,1,FX,NFX
20-Mar-2024,USDEUR,0.9204,0.9228,0.9153,0.9156,0,0,0,1,FX,NFX
21-Mar-2024,USDEUR,0.9156,0.9212,0.9138,0.9207,0,0,0,1,FX,NFX
22-Mar-2024,USDEUR,0.9208,0.9258,0.92,0.9252,0,0,0,1,FX,NFX
25-Mar-2024,USDEUR,0.9252,0.9258,0.9222,0.9227,0,0,0,1,FX,NFX
26-Mar-2024,USDEUR,0.9226,0.9238,0.9204,0.9233,0,0,0,1,FX,NFX
27-Mar-2024,USDEUR,0.9233,0.9251,0.9224,0.9236,0,0,0,1,FX,NFX
28-Mar-2024,USDEUR,0.9236,0.9281,0.9234,0.9268,0,0,0,1,FX,NFX
29-Mar-2024,USDEUR,0.9268,0.9287,0.9253,0.9265,0,0,0,1,FX,NFX
01-Apr-2024,USDEUR,0.9271,0.932,0.926,0.9309,0,0,0,1,FX,NFX
02-Apr-2024,USDEUR,0.9309,0.9325,0.9277,0.9287,0,0,0,1,FX,NFX
03-Apr-2024,USDEUR,0.9287,0.929,0.9227,0.9232,0,0,18072,1,FX,NFX
04-Apr-2024,USDEUR,0.9232,0.9232,0.9194,0.9224,0,0,13460,1,FX,NFX
05-Apr-2024,USDEUR,0.9224,0.9267,0.9218,0.9231,0,0,14105,1,FX,NFX
06-Apr-2024,USDEUR,0.9231,0.9231,0.9218,0.9219,0,0,809,1,FX,NFX
08-Apr-2024,USDEUR,0.9226,0.9241,0.9206,0.9211,0,0,12576,1,FX,NFX
09-Apr-2024,USDEUR,0.921,0.9218,0.9185,0.9211,0,0,13466,1,FX,NFX
10-Apr-2024,USDEUR,0.9211,0.9321,0.9202,0.9306,0,0,13071,1,FX,NFX
11-Apr-2024,USDEUR,0.9307,0.9346,0.9296,0.9318,0,0,13783,1,FX,NFX
12-Apr-2024,USDEUR,0.9318,0.9413,0.9317,0.9397,0,0,13661,1,FX,NFX
15-Apr-2024,USDEUR,0.9403,0.9416,0.9376,0.9412,0,0,12053,1,FX,NFX
16-Apr-2024,USDEUR,0.9411,0.9432,0.9386,0.9416,0,0,12937,1,FX,NFX
17-Apr-2024,USDEUR,0.9415,0.9428,0.9363,0.9373,0,0,13222,1,FX,NFX
18-Apr-2024,USDEUR,0.9373,0.9397,0.9354,0.9393,0,0,12843,1,FX,NFX
19-Apr-2024,USDEUR,0.9393,0.9424,0.9365,0.9387,0,0,13214,1,FX,NFX
22-Apr-2024,USDEUR,0.9385,0.9406,0.937,0.9383,0,0,6917,1,FX,NFX
23-Apr-2024,USDEUR,0.9385,0.94,0.9335,0.9344,0,0,0,1,FX,NFX
24-Apr-2024,USDEUR,0.9344,0.9365,0.9334,0.9348,0,0,0,1,FX,NFX
25-Apr-2024,USDEUR,0.9348,0.9364,0.931,0.932,0,0,0,1,FX,NFX
26-Apr-2024,USDEUR,0.9319,0.9368,0.93,0.9351,0,0,0,1,FX,NFX
29-Apr-2024,USDEUR,0.9344,0.9354,0.9316,0.9328,0,0,0,1,FX,NFX
30-Apr-2024,USDEUR,0.9327,0.9375,0.9314,0.9374,0,0,0,1,FX,NFX
01-May-2024,USDEUR,0.9375,0.939,0.9317,0.9329,0,0,0,1,FX,NFX
02-May-2024,USDEUR,0.933,0.9368,0.9319,0.9323,0,0,0,1,FX,NFX
03-May-2024,USDEUR,0.9323,0.9325,0.9249,0.929,0,0,0,1,FX,NFX
06-May-2024,USDEUR,0.929,0.9298,0.9266,0.9286,0,0,0,1,FX,NFX
07-May-2024,USDEUR,0.9286,0.9304,0.9269,0.9298,0,0,0,1,FX,NFX
08-May-2024,USDEUR,0.9298,0.9315,0.9295,0.9306,0,0,0,1,FX,NFX
09-May-2024,USDEUR,0.9306,0.9325,0.9272,0.9274,0,0,0,1,FX,NFX
10-May-2024,USDEUR,0.9274,0.9294,0.9267,0.9285,0,0,0,1,FX,NFX
13-May-2024,USDEUR,0.9282,0.9288,0.9253,0.9267,0,0,0,1,FX,NFX
14-May-2024,USDEUR,0.9268,0.9286,0.9236,0.9243,0,0,0,1,FX,NFX
15-May-2024,USDEUR,0.9242,0.9248,0.9185,0.9188,0,0,0,1,FX,NFX
16-May-2024,USDEUR,0.9188,0.9212,0.9178,0.9202,0,0,0,1,FX,NFX
17-May-2024,USDEUR,0.9202,0.9228,0.9192,0.9199,0,0,0,1,FX,NFX
20-May-2024,USDEUR,0.9202,0.9213,0.9186,0.9211,0,0,0,1,FX,NFX
21-May-2024,USDEUR,0.9211,0.9222,0.9195,0.9212,0,0,0,1,FX,NFX
22-May-2024,USDEUR,0.9212,0.9244,0.9204,0.9241,0,0,0,1,FX,NFX
23-May-2024,USDEUR,0.9241,0.9255,0.9207,0.9248,0,0,0,1,FX,NFX
24-May-2024,USDEUR,0.9248,0.9254,0.9209,0.9219,0,0,0,1,FX,NFX
27-May-2024,USDEUR,0.9217,0.9224,0.9202,0.9209,0,0,0,1,FX,NFX
28-May-2024,USDEUR,0.9211,0.9212,0.9184,0.9211,0,0,0,1,FX,NFX
29-May-2024,USDEUR,0.9209,0.9259,0.9207,0.9258,0,0,0,1,FX,NFX
30-May-2024,USDEUR,0.9257,0.9269,0.9221,0.9231,0,0,0,1,FX,NFX
31-May-2024,USDEUR,0.9232,0.9249,0.919,0.9218,0,0,0,1,FX,NFX
03-Jun-2024,USDEUR,0.9216,0.9236,0.9171,0.9171,0,0,0,1,FX,NFX
04-Jun-2024,USDEUR,0.9171,0.9209,0.9161,0.9192,0,0,0,1,FX,NFX
05-Jun-2024,USDEUR,0.9191,0.9213,0.9183,0.9201,0,0,0,1,FX,NFX
06-Jun-2024,USDEUR,0.92,0.9206,0.9173,0.9183,0,0,0,1,FX,NFX
07-Jun-2024,USDEUR,0.9183,0.926,0.9173,0.9257,0,0,0,1,FX,NFX
10-Jun-2024,USDEUR,0.9277,0.9317,0.9275,0.9289,0,0,0,1,FX,NFX
11-Jun-2024,USDEUR,0.929,0.9329,0.9282,0.9311,0,0,0,1,FX,NFX
12-Jun-2024,USDEUR,0.9311,0.9316,0.9214,0.9252,0,0,0,1,FX,NFX
13-Jun-2024,USDEUR,0.9251,0.9317,0.9245,0.9314,0,0,0,1,FX,NFX
14-Jun-2024,USDEUR,0.9314,0.9374,0.9307,0.9342,0,0,0,1,FX,NFX
17-Jun-2024,USDEUR,0.9341,0.9358,0.9313,0.9316,0,0,0,1,FX,NFX
18-Jun-2024,USDEUR,0.9316,0.9337,0.9292,0.9311,0,0,0,1,FX,NFX
19-Jun-2024,USDEUR,0.9311,0.9324,0.9287,0.9307,0,0,0,1,FX,NFX
20-Jun-2024,USDEUR,0.9307,0.9344,0.9303,0.9344,0,0,0,1,FX,NFX
21-Jun-2024,USDEUR,0.9344,0.9371,0.9328,0.9351,0,0,0,1,FX,NFX
24-Jun-2024,USDEUR,0.9356,0.936,0.9305,0.9317,0,0,0,1,FX,NFX
25-Jun-2024,USDEUR,0.9315,0.9354,0.9307,0.9333,0,0,0,1,FX,NFX
26-Jun-2024,USDEUR,0.9334,0.9376,0.933,0.9363,0,0,0,1,FX,NFX
27-Jun-2024,USDEUR,0.9362,0.9366,0.9323,0.9343,0,0,0,1,FX,NFX
28-Jun-2024,USDEUR,0.9341,0.9359,0.9324,0.9334,0,0,0,1,FX,NFX
01-Jul-2024,USDEUR,0.9312,0.9328,0.928,0.9311,0,0,0,1,FX,NFX
02-Jul-2024,USDEUR,0.9311,0.9337,0.9305,0.9307,0,0,0,1,FX,NFX
03-Jul-2024,USDEUR,0.9306,0.9314,0.9245,0.9268,0,0,0,1,FX,NFX
04-Jul-2024,USDEUR,0.927,0.9273,0.9247,0.9248,0,0,0,1,FX,NFX
05-Jul-2024,USDEUR,0.9248,0.9261,0.9223,0.9226,0,0,0,1,FX,NFX
08-Jul-2024,USDEUR,0.9253,0.9257,0.9221,0.9238,0,0,0,1,FX,NFX
09-Jul-2024,USDEUR,0.9238,0.9255,0.9231,0.9248,0,0,0,1,FX,NFX
10-Jul-2024,USDEUR,0.9247,0.925,0.9233,0.9234,0,0,0,1,FX,NFX
11-Jul-2024,USDEUR,0.9235,0.9236,0.9175,0.9201,0,0,0,1,FX,NFX
12-Jul-2024,USDEUR,0.92,0.9207,0.9165,0.9168,0,0,0,1,FX,NFX
15-Jul-2024,USDEUR,0.9185,0.9188,0.9156,0.9179,0,0,0,1,FX,NFX
16-Jul-2024,USDEUR,0.9178,0.9198,0.917,0.9176,0,0,0,1,FX,NFX
17-Jul-2024,USDEUR,0.9175,0.9179,0.9134,0.9141,0,0,0,1,FX,NFX
18-Jul-2024,USDEUR,0.9141,0.918,0.914,0.9177,0,0,0,1,FX,NFX
19-Jul-2024,USDEUR,0.9177,0.9195,0.9173,0.9189,0,0,0,1,FX,NFX
22-Jul-2024,USDEUR,0.9187,0.9197,0.9172,0.9182,0,0,0,1,FX,NFX
23-Jul-2024,USDEUR,0.9182,0.9222,0.9177,0.9213,0,0,0,1,FX,NFX
24-Jul-2024,USDEUR,0.9214,0.9237,0.9203,0.9224,0,0,0,1,FX,NFX
25-Jul-2024,USDEUR,0.9225,0.9235,0.92,0.9221,0,0,0,1,FX,NFX
26-Jul-2024,USDEUR,0.922,0.9223,0.9201,0.9212,0,0,0,1,FX,NFX
29-Jul-2024,USDEUR,0.9208,0.9257,0.92,0.9241,0,0,0,1,FX,NFX
30-Jul-2024,USDEUR,0.9239,0.926,0.9229,0.9247,0,0,0,1,FX,NFX
31-Jul-2024,USDEUR,0.9245,0.9258,0.9168,0.9238,0,0,0,1,FX,NFX
01-Aug-2024,USDEUR,0.9238,0.9279,0.9229,0.9266,0,0,0,1,FX,NFX
02-Aug-2024,USDEUR,0.9267,0.9275,0.9152,0.9165,0,0,0,1,FX,NFX
05-Aug-2024,USDEUR,0.9162,0.918,0.9084,0.9131,0,0,0,1,FX,NFX
06-Aug-2024,USDEUR,0.9134,0.9171,0.9122,0.9148,0,0,0,1,FX,NFX
07-Aug-2024,USDEUR,0.9149,0.917,0.9143,0.9156,0,0,0,1,FX,NFX
08-Aug-2024,USDEUR,0.9156,0.919,0.9137,0.9159,0,0,0,1,FX,NFX
09-Aug-2024,USDEUR,0.916,0.9167,0.9126,0.9161,0,0,0,1,FX,NFX
12-Aug-2024,USDEUR,0.916,0.9166,0.9141,0.9148,0,0,0,1,FX,NFX
13-Aug-2024,USDEUR,0.9148,0.9163,0.9091,0.9098,0,0,0,1,FX,NFX
14-Aug-2024,USDEUR,0.9098,0.9102,0.9052,0.9081,0,0,0,1,FX,NFX
15-Aug-2024,USDEUR,0.908,0.9133,0.9078,0.9114,0,0,0,1,FX,NFX
16-Aug-2024,USDEUR,0.9114,0.9116,0.9066,0.9069,0,0,0,1,FX,NFX
19-Aug-2024,USDEUR,0.9068,0.9072,0.902,0.9021,0,0,0,1,FX,NFX
20-Aug-2024,USDEUR,0.9022,0.9032,0.8984,0.8984,0,0,0,1,FX,NFX
21-Aug-2024,USDEUR,0.8986,0.901,0.895,0.8969,0,0,0,1,FX,NFX
22-Aug-2024,USDEUR,0.8968,0.901,0.8957,0.8999,0,0,0,1,FX,NFX
23-Aug-2024,USDEUR,0.8999,0.9005,0.8928,0.8935,0,0,0,1,FX,NFX
26-Aug-2024,USDEUR,0.8936,0.8968,0.8927,0.896,0,0,0,1,FX,NFX
27-Aug-2024,USDEUR,0.8961,0.8968,0.8936,0.8941,0,0,0,1,FX,NFX
28-Aug-2024,USDEUR,0.8941,0.9005,0.8939,0.8993,0,0,0,1,FX,NFX
29-Aug-2024,USDEUR,0.8993,0.9045,0.8977,0.9027,0,0,0,1,FX,NFX
30-Aug-2024,USDEUR,0.9027,0.9055,0.9013,0.9052,0,0,0,1,FX,NFX
02-Sep-2024,USDEUR,0.905,0.9056,0.9027,0.9031,0,0,0,1,FX,NFX
03-Sep-2024,USDEUR,0.9033,0.9069,0.9013,0.9055,0,0,0,1,FX,NFX
04-Sep-2024,USDEUR,0.9055,0.9058,0.9013,0.9023,0,0,0,1,FX,NFX
05-Sep-2024,USDEUR,0.9023,0.903,0.8993,0.9001,0,0,0,1,FX,NFX
06-Sep-2024,USDEUR,0.9002,0.9037,0.8965,0.9021,0,0,0,1,FX,NFX
09-Sep-2024,USDEUR,0.9024,0.9063,0.9016,0.906,0,0,0,1,FX,NFX
10-Sep-2024,USDEUR,0.906,0.9078,0.905,0.9075,0,0,0,1,FX,NFX
11-Sep-2024,USDEUR,0.9075,0.9089,0.9046,0.9081,0,0,0,1,FX,NFX
12-Sep-2024,USDEUR,0.908,0.9086,0.9029,0.903,0,0,0,1,FX,NFX
13-Sep-2024,USDEUR,0.903,0.9033,0.9008,0.9029,0,0,0,1,FX,NFX
16-Sep-2024,USDEUR,0.9026,0.903,0.8979,0.8982,0,0,0,1,FX,NFX
17-Sep-2024,USDEUR,0.8983,0.9,0.8972,0.8998,0,0,0,1,FX,NFX
18-Sep-2024,USDEUR,0.8997,0.9011,0.8938,0.8994,0,0,0,1,FX,NFX
19-Sep-2024,USDEUR,0.8996,0.9034,0.8945,0.8959,0,0,0,1,FX,NFX
20-Sep-2024,USDEUR,0.8959,0.898,0.8943,0.8958,0,0,0,1,FX,NFX
23-Sep-2024,USDEUR,0.8958,0.9022,0.8955,0.9,0,0,0,1,FX,NFX
24-Sep-2024,USDEUR,0.8998,0.9006,0.8944,0.8945,0,0,0,1,FX,NFX
25-Sep-2024,USDEUR,0.8946,0.8992,0.8918,0.8982,0,0,0,1,FX,NFX
26-Sep-2024,USDEUR,0.8982,0.8988,0.8937,0.8947,0,0,0,1,FX,NFX
27-Sep-2024,USDEUR,0.8947,0.8989,0.8926,0.8958,0,0,0,1,FX,NFX
30-Sep-2024,USDEUR,0.8961,0.8998,0.8922,0.8981,0,0,0,1,FX,NFX
01-Oct-2024,USDEUR,0.8983,0.9053,0.8973,0.9035,0,0,0,1,FX,NFX
02-Oct-2024,USDEUR,0.9031,0.9064,0.9023,0.9054,0,0,0,1,FX,NFX
03-Oct-2024,USDEUR,0.9052,0.9084,0.905,0.9064,0,0,0,1,FX,NFX
04-Oct-2024,USDEUR,0.9064,0.9131,0.9058,0.9111,0,0,0,1,FX,NFX
07-Oct-2024,USDEUR,0.9114,0.9129,0.9102,0.9112,0,0,0,1,FX,NFX
08-Oct-2024,USDEUR,0.9111,0.9123,0.9093,0.9107,0,0,0,1,FX,NFX
09-Oct-2024,USDEUR,0.9109,0.9144,0.9106,0.9141,0,0,0,1,FX,NFX
10-Oct-2024,USDEUR,0.9141,0.9174,0.9128,0.9143,0,0,0,1,FX,NFX
11-Oct-2024,USDEUR,0.9147,0.9152,0.9129,0.9143,0,0,0,1,FX,NFX
14-Oct-2024,USDEUR,0.9147,0.9184,0.9143,0.9167,0,0,0,1,FX,NFX
15-Oct-2024,USDEUR,0.9169,0.919,0.9157,0.9182,0,0,0,1,FX,NFX
16-Oct-2024,USDEUR,0.9182,0.9214,0.9171,0.9206,0,0,0,1,FX,NFX
17-Oct-2024,USDEUR,0.9204,0.925,0.9196,0.9232,0,0,0,1,FX,NFX
18-Oct-2024,USDEUR,0.9232,0.9238,0.92,0.9202,0,0,0,1,FX,NFX
21-Oct-2024,USDEUR,0.9207,0.925,0.9198,0.9247,0,0,0,1,FX,NFX
22-Oct-2024,USDEUR,0.9246,0.9266,0.9227,0.926,0,0,0,1,FX,NFX
23-Oct-2024,USDEUR,0.926,0.9293,0.9254,0.9274,0,0,0,1,FX,NFX
24-Oct-2024,USDEUR,0.9274,0.9284,0.9234,0.9235,0,0,0,1,FX,NFX
25-Oct-2024,USDEUR,0.926,0.9264,0.9257,0.9264,0,0,0,1,FX,NFX
28-Oct-2024,USDEUR,0.9264,0.9275,0.9236,0.9249,0,0,0,1,FX,NFX
29-Oct-2024,USDEUR,0.9247,0.9286,0.9237,0.9243,0,0,0,1,FX,NFX
30-Oct-2024,USDEUR,0.9249,0.9253,0.9198,0.9211,0,0,0,1,FX,NFX
31-Oct-2024,USDEUR,0.9209,0.9222,0.9184,0.9188,0,0,0,1,FX,NFX
01-Nov-2024,USDEUR,0.9211,0.9211,0.9186,0.9191,0,0,0,1,FX,NFX
04-Nov-2024,USDEUR,0.9192,0.92,0.9162,0.9194,0,0,0,1,FX,NFX
05-Nov-2024,USDEUR,0.919,0.9197,0.9144,0.915,0,0,0,1,FX,NFX
06-Nov-2024,USDEUR,0.9147,0.9361,0.9143,0.9321,0,0,0,1,FX,NFX
07-Nov-2024,USDEUR,0.9319,0.9335,0.9238,0.9257,0,0,0,1,FX,NFX
08-Nov-2024,USDEUR,0.9329,0.9338,0.9329,0.9336,0,0,0,1,FX,NFX
11-Nov-2024,USDEUR,0.9336,0.9408,0.9322,0.9385,0,0,0,1,FX,NFX
12-Nov-2024,USDEUR,0.9386,0.9438,0.9378,0.9413,0,0,0,1,FX,NFX
13-Nov-2024,USDEUR,0.9414,0.9474,0.9388,0.9466,0,0,0,1,FX,NFX
14-Nov-2024,USDEUR,0.9466,0.9526,0.945,0.9496,0,0,0,1,FX,NFX
15-Nov-2024,USDEUR,0.949,0.9492,0.9489,0.9491,0,0,0,1,FX,NFX
18-Nov-2024,USDEUR,0.9491,0.9496,0.9427,0.9435,0,0,0,1,FX,NFX
19-Nov-2024,USDEUR,0.9435,0.9502,0.9433,0.9438,0,0,0,1,FX,NFX
20-Nov-2024,USDEUR,0.944,0.9517,0.9425,0.9484,0,0,0,1,FX,NFX
21-Nov-2024,USDEUR,0.9486,0.9558,0.9474,0.9547,0,0,0,1,FX,NFX
22-Nov-2024,USDEUR,0.958,0.958,0.9569,0.9569,0,0,0,1,FX,NFX
25-Nov-2024,USDEUR,0.9569,0.96,0.9496,0.9528,0,0,0,1,FX,NFX
26-Nov-2024,USDEUR,0.9529,0.9592,0.9483,0.9534,0,0,0,1,FX,NFX
27-Nov-2024,USDEUR,0.9534,0.9547,0.9445,0.9464,0,0,0,1,FX,NFX
28-Nov-2024,USDEUR,0.9465,0.9499,0.9461,0.9474,0,0,0,1,FX,NFX
29-Nov-2024,USDEUR,0.9454,0.9463,0.9452,0.9463,0,0,0,1,FX,NFX
02-Dec-2024,USDEUR,0.9458,0.9559,0.9458,0.9526,0,0,0,1,FX,NFX
03-Dec-2024,USDEUR,0.9525,0.9541,0.9492,0.9516,0,0,0,1,FX,NFX
04-Dec-2024,USDEUR,0.9517,0.9548,0.9484,0.9515,0,0,0,1,FX,NFX
05-Dec-2024,USDEUR,0.9515,0.9517,0.9443,0.9445,0,0,0,1,FX,NFX
06-Dec-2024,USDEUR,0.9462,0.947,0.9462,0.947,0,0,0,1,FX,NFX
09-Dec-2024,USDEUR,0.9471,0.9495,0.9439,0.9475,0,0,0,1,FX,NFX
10-Dec-2024,USDEUR,0.9474,0.9525,0.9462,0.9499,0,0,0,1,FX,NFX
11-Dec-2024,USDEUR,0.9499,0.9542,0.9488,0.9528,0,0,0,1,FX,NFX
12-Dec-2024,USDEUR,0.9527,0.9557,0.9496,0.9553,0,0,0,1,FX,NFX
13-Dec-2024,USDEUR,0.9525,0.9538,0.9524,0.9534,0,0,0,1,FX,NFX
16-Dec-2024,USDEUR,0.9534,0.9547,0.9502,0.9513,0,0,0,1,FX,NFX
17-Dec-2024,USDEUR,0.9513,0.9543,0.9493,0.9532,0,0,0,1,FX,NFX
18-Dec-2024,USDEUR,0.953,0.9667,0.9512,0.9659,0,0,0,1,FX,NFX
19-Dec-2024,USDEUR,0.9637,0.9665,0.9595,0.9649,0,0,0,1,FX,NFX
20-Dec-2024,USDEUR,0.9589,0.9589,0.9582,0.9585,0,0,0,1,FX,NFX
23-Dec-2024,USDEUR,0.9586,0.963,0.9573,0.961,0,0,0,1,FX,NFX
24-Dec-2024,USDEUR,0.9607,0.9631,0.9605,0.962,0,0,0,1,FX,NFX
25-Dec-2024,USDEUR,0.9616,0.9618,0.96,0.9611,0,0,0,1,FX,NFX
26-Dec-2024,USDEUR,0.961,0.9635,0.9588,0.9595,0,0,0,1,FX,NFX
27-Dec-2024,USDEUR,0.9591,0.9593,0.9585,0.9593,0,0,0,1,FX,NFX
30-Dec-2024,USDEUR,0.9589,0.9641,0.9562,0.9609,0,0,0,1,FX,NFX
31-Dec-2024,USDEUR,0.9611,0.9667,0.9593,0.9659,0,0,0,1,FX,NFX
01-Jan-2025,USDEUR,0.9661,0.9661,0.9653,0.9653,0,0,0,1,FX,NFX
02-Jan-2025,USDEUR,0.9656,0.9779,0.9639,0.974,0,0,0,1,FX,NFX
03-Jan-2025,USDEUR,0.9705,0.9706,0.9705,0.9706,0,0,0,1,FX,NFX
06-Jan-2025,USDEUR,0.9704,0.9713,0.9582,0.9625,0,0,0,1,FX,NFX
07-Jan-2025,USDEUR,0.9627,0.9671,0.9584,0.9671,0,0,0,1,FX,NFX
08-Jan-2025,USDEUR,0.9669,0.9734,0.9655,0.9691,0,0,0,1,FX,NFX
09-Jan-2025,USDEUR,0.9691,0.9724,0.9688,0.9709,0,0,0,1,FX,NFX
10-Jan-2025,USDEUR,0.9764,0.977,0.9763,0.9769,0,0,0,1,FX,NFX
13-Jan-2025,USDEUR,0.9768,0.9825,0.9756,0.9761,0,0,0,1,FX,NFX
14-Jan-2025,USDEUR,0.9764,0.9767,0.9701,0.9701,0,0,0,1,FX,NFX
15-Jan-2025,USDEUR,0.9705,0.9745,0.9658,0.9718,0,0,0,1,FX,NFX
16-Jan-2025,USDEUR,0.9719,0.9745,0.9695,0.9709,0,0,0,1,FX,NFX
17-Jan-2025,USDEUR,,,,0.9733,0,0,0,1,FX,NFX
20-Jan-2025,USDEUR,0.9733,0.974,0.9584,0.96,0,0,0,1,FX,NFX
21-Jan-2025,USDEUR,0.9733,0.9733,0.9583,0.9589,0,0,0,1,FX,NFX
22-Jan-2025,USDEUR,0.9733,0.9733,0.9563,0.9606,0,0,0,1,FX,NFX
23-Jan-2025,USDEUR,0.9733,0.9733,0.9581,0.9601,0,0,0,1,FX,NFX
24-Jan-2025,USDEUR,0.9733,0.9733,0.9515,0.9543,0,0,0,1,FX,NFX
27-Jan-2025,USDEUR,0.9541,0.9566,0.9494,0.9531,0,0,0,1,FX,NFX
28-Jan-2025,USDEUR,0.953,0.9603,0.9529,0.9587,0,0,0,1,FX,NFX
29-Jan-2025,USDEUR,0.959,0.9631,0.9575,0.9596,0,0,0,1,FX,NFX
30-Jan-2025,USDEUR,0.9597,0.9628,0.9553,0.9623,0,0,0,1,FX,NFX
31-Jan-2025,USDEUR,0.965,0.9781,0.965,0.9758,0,0,0,1,FX,NFX
03-Feb-2025,USDEUR,0.9749,0.9792,0.9662,0.9667,0,0,0,1,FX,NFX
04-Feb-2025,USDEUR,0.9668,0.9735,0.9627,0.9635,0,0,0,1,FX,NFX
05-Feb-2025,USDEUR,0.9634,0.9643,0.9576,0.9613,0,0,0,1,FX,NFX
06-Feb-2025,USDEUR,0.9614,0.9659,0.961,0.9631,0,0,0,1,FX,NFX
07-Feb-2025,USDEUR,0.9681,0.9681,0.9681,0.9681,0,0,0,1,FX,NFX
10-Feb-2025,USDEUR,0.9681,0.9722,0.9675,0.9702,0,0,0,1,FX,NFX
11-Feb-2025,USDEUR,0.9701,0.9716,0.9633,0.9651,0,0,0,1,FX,NFX
12-Feb-2025,USDEUR,0.965,0.9692,0.9588,0.9631,0,0,0,1,FX,NFX
13-Feb-2025,USDEUR,0.963,0.964,0.9554,0.9556,0,0,0,1,FX,NFX
14-Feb-2025,USDEUR,0.9529,0.9542,0.9529,0.9535,0,0,0,1,FX,NFX
17-Feb-2025,USDEUR,0.9535,0.9554,0.9518,0.9539,0,0,0,1,FX,NFX
18-Feb-2025,USDEUR,0.9538,0.9583,0.9536,0.9573,0,0,0,1,FX,NFX
19-Feb-2025,USDEUR,0.9573,0.9615,0.9559,0.9594,0,0,0,1,FX,NFX
20-Feb-2025,USDEUR,0.9595,0.9598,0.9521,0.9522,0,0,0,1,FX,NFX
21-Feb-2025,USDEUR,0.9528,0.9547,0.9528,0.9545,0,0,0,1,FX,NFX
24-Feb-2025,USDEUR,0.9544,0.9567,0.9498,0.9553,0,0,0,1,FX,NFX
25-Feb-2025,USDEUR,0.9554,0.9564,0.9506,0.9511,0,0,0,1,FX,NFX
26-Feb-2025,USDEUR,0.9511,0.9546,0.9498,0.9538,0,0,0,1,FX,NFX
27-Feb-2025,USDEUR,0.9538,0.9618,0.953,0.9617,0,0,0,1,FX,NFX
28-Feb-2025,USDEUR,0.9637,0.9637,0.9637,0.9637,0,0,0,1,FX,NFX
03-Mar-2025,USDEUR,0.9637,0.9637,0.9521,0.9536,0,0,0,1,FX,NFX
04-Mar-2025,USDEUR,0.9535,0.955,0.941,0.9411,0,0,0,1,FX,NFX
05-Mar-2025,USDEUR,0.9413,0.9432,0.9262,0.9268,0,0,0,1,FX,NFX
06-Mar-2025,USDEUR,0.9268,0.9289,0.9214,0.9272,0,0,0,1,FX,NFX
07-Mar-2025,USDEUR,0.923,0.923,0.9228,0.923,0,0,0,1,FX,NFX
10-Mar-2025,USDEUR,0.9231,0.9255,0.9196,0.9229,0,0,0,1,FX,NFX
11-Mar-2025,USDEUR,0.923,0.9234,0.9135,0.9158,0,0,0,1,FX,NFX
12-Mar-2025,USDEUR,0.9158,0.9195,0.9149,0.9185,0,0,0,1,FX,NFX
13-Mar-2025,USDEUR,0.9184,0.924,0.9177,0.9214,0,0,0,1,FX,NFX
14-Mar-2025,USDEUR,0.9173,0.9195,0.9173,0.9191,0,0,0,1,FX,NFX
17-Mar-2025,USDEUR,0.9192,0.9201,0.915,0.9155,0,0,0,1,FX,NFX
18-Mar-2025,USDEUR,0.9157,0.9181,0.9129,0.9138,0,0,0,1,FX,NFX
19-Mar-2025,USDEUR,0.9137,0.9208,0.9135,0.9172,0,0,0,1,FX,NFX
20-Mar-2025,USDEUR,0.9172,0.9247,0.916,0.9214,0,0,0,1,FX,NFX
21-Mar-2025,USDEUR,0.9221,0.9246,0.9221,0.9246,0,0,0,1,FX,NFX
24-Mar-2025,USDEUR,0.9221,0.9275,0.921,0.9258,0,0,0,1,FX,NFX
25-Mar-2025,USDEUR,0.9221,0.9279,0.9221,0.9267,0,0,0,1,FX,NFX
26-Mar-2025,USDEUR,0.9221,0.9307,0.9221,0.9299,0,0,0,1,FX,NFX
27-Mar-2025,USDEUR,0.9221,0.9317,0.9221,0.9258,0,0,0,1,FX,NFX
28-Mar-2025,USDEUR,0.9221,0.9242,0.9211,0.9239,0,0,0,1,FX,NFX
31-Mar-2025,USDEUR,0.9239,0.9273,0.9217,0.9246,0,0,0,1,FX,NFX
01-Apr-2025,USDEUR,0.9243,0.9278,0.9234,0.9266,0,0,0,1,FX,NFX
02-Apr-2025,USDEUR,0.9267,0.9276,0.9155,0.9214,0,0,0,1,FX,NFX
03-Apr-2025,USDEUR,0.9213,0.9255,0.8974,0.9048,0,0,0,1,FX,NFX
04-Apr-2025,USDEUR,0.9121,0.9157,0.9121,0.9154,0,0,0,1,FX,NFX
07-Apr-2025,USDEUR,0.9181,0.919,0.905,0.9167,0,0,0,1,FX,NFX
08-Apr-2025,USDEUR,0.917,0.9183,0.9098,0.9126,0,0,0,1,FX,NFX
09-Apr-2025,USDEUR,0.913,0.9161,0.9013,0.9132,0,0,0,1,FX,NFX
10-Apr-2025,USDEUR,0.9132,0.9138,0.8896,0.893,0,0,0,1,FX,NFX
11-Apr-2025,USDEUR,0.8803,0.8862,0.8803,0.8832,0,0,0,1,FX,NFX
14-Apr-2025,USDEUR,0.8832,0.8853,0.8753,0.881,0,0,0,1,FX,NFX
15-Apr-2025,USDEUR,0.8813,0.8878,0.8788,0.8864,0,0,0,1,FX,NFX
16-Apr-2025,USDEUR,0.8863,0.8865,0.8762,0.8773,0,0,0,1,FX,NFX
17-Apr-2025,USDEUR,0.8774,0.8821,0.8765,0.8799,0,0,0,1,FX,NFX
18-Apr-2025,USDEUR,0.8785,0.8788,0.8774,0.8774,0,0,0,1,FX,NFX
21-Apr-2025,USDEUR,0.8774,0.8775,0.8641,0.8686,0,0,0,1,FX,NFX
22-Apr-2025,USDEUR,0.8684,0.8758,0.866,0.8756,0,0,0,1,FX,NFX
23-Apr-2025,USDEUR,0.8754,0.8843,0.8741,0.8837,0,0,0,1,FX,NFX
24-Apr-2025,USDEUR,0.8836,0.8839,0.8773,0.878,0,0,0,1,FX,NFX
25-Apr-2025,USDEUR,0.8797,0.8801,0.878,0.8798,0,0,0,1,FX,NFX
28-Apr-2025,USDEUR,0.8799,0.8826,0.8753,0.8756,0,0,0,1,FX,NFX
29-Apr-2025,USDEUR,0.8755,0.8795,0.8754,0.8783,0,0,0,1,FX,NFX
30-Apr-2025,USDEUR,0.8782,0.8836,0.8772,0.8827,0,0,0,1,FX,NFX
01-May-2025,USDEUR,0.8827,0.8876,0.8818,0.8857,0,0,0,1,FX,NFX
02-May-2025,USDEUR,0.8849,0.8853,0.8845,0.8846,0,0,0,1,FX,NFX
05-May-2025,USDEUR,0.8846,0.8853,0.8799,0.8838,0,0,0,1,FX,NFX
06-May-2025,USDEUR,0.8838,0.8865,0.8786,0.8796,0,0,0,1,FX,NFX
07-May-2025,USDEUR,0.8795,0.8856,0.8789,0.8849,0,0,0,1,FX,NFX
08-May-2025,USDEUR,0.8848,0.8919,0.8821,0.8906,0,0,0,1,FX,NFX
09-May-2025,USDEUR,0.8908,0.8909,0.8905,0.8906,0,0,0,1,FX,NFX
